


,,[2],[3],[4],[5],[6],[7],[9],[10],[11],[18],[26],[62],[70],[421],[460],[462],[468],[522],[558],[561],[578],[612],[624],[629],[657],[676],[677],[685],[715],[747],[750],[781],[782],[783],[784],[788],[810],[812],[813],[821],[825],[850],[855],[857],[883],[912],[914],[915],[918],[920],[921],[941],[949],[952],[954],[957],[970],[980],[988],[993],[994],[995],[996],[997],[998],[999],[1001],[1002],[1009],[1010],[1011],[1012],[1013],[1014],[1021],,0~0.2,0.2~0.4,0.4~0.7,0.7~1,,0~0.1
,[2],1.000,0.961,0.962,0.946,0.930,0.927,0.907,0.917,0.908,0.568,0.012,0.179,0.026,0.002,-0.071,-0.144,0.054,0.333,0.518,0.158,0.166,0.191,-0.117,-0.082,0.034,-0.078,0.049,0.004,-0.061,-0.088,-0.016,0.081,0.284,0.013,0.076,-0.069,0.281,-0.165,0.009,0.053,-0.209,-0.062,-0.175,-0.021,0.117,-0.045,0.081,0.041,-0.038,0.024,-0.153,0.138,0.027,0.349,-0.014,-0.101,-0.096,-0.084,-0.040,-0.099,-0.125,-0.138,-0.152,-0.174,-0.119,-0.131,-0.141,-0.065,-0.134,-0.124,-0.130,-0.151,-0.019,0.102,-0.096,[2],59,5,2,9,,35
,[3],0.961,1.000,0.950,0.938,0.929,0.913,0.910,0.911,0.910,0.557,-0.060,0.203,0.038,-0.004,-0.095,-0.109,0.098,0.376,0.557,0.177,0.151,0.225,-0.108,-0.084,0.044,-0.083,0.009,0.035,-0.044,-0.049,-0.022,0.042,0.321,0.087,0.127,-0.082,0.279,-0.195,0.003,0.015,-0.265,-0.040,-0.182,-0.019,0.109,-0.044,0.118,0.017,-0.016,0.066,-0.178,0.163,-0.031,0.331,-0.048,-0.071,-0.060,-0.040,-0.019,-0.020,-0.051,-0.065,-0.079,-0.111,-0.043,-0.061,-0.074,0.013,-0.060,-0.048,-0.053,-0.082,0.055,0.192,-0.080,[3],57,7,2,9,,44
,[4],0.962,0.950,1.000,0.963,0.949,0.949,0.938,0.942,0.922,0.632,-0.047,0.161,0.035,-0.020,-0.049,-0.103,0.091,0.362,0.549,0.062,0.113,0.206,-0.132,-0.152,0.004,-0.038,0.113,-0.054,-0.062,-0.028,-0.049,0.051,0.361,-0.001,0.167,-0.034,0.193,-0.207,0.074,0.056,-0.239,-0.053,-0.134,0.004,0.163,-0.003,0.187,0.021,-0.018,-0.039,-0.117,0.175,0.085,0.411,-0.038,-0.116,-0.105,-0.048,0.033,-0.126,-0.148,-0.162,-0.177,-0.213,-0.146,-0.168,-0.181,-0.102,-0.156,-0.145,-0.165,-0.176,-0.054,0.079,-0.123,[4],57,6,3,9,,29
,[5],0.946,0.938,0.963,1.000,0.974,0.957,0.965,0.961,0.958,0.640,-0.114,0.133,0.054,0.095,-0.118,-0.068,0.049,0.322,0.609,0.088,0.040,0.217,-0.105,-0.116,-0.117,0.104,0.137,-0.078,0.011,0.051,-0.056,0.187,0.412,0.078,0.179,-0.073,0.273,-0.133,0.048,0.030,-0.221,-0.017,-0.133,0.003,0.138,0.061,0.167,-0.026,-0.088,-0.011,-0.114,0.170,-0.021,0.350,0.010,-0.012,-0.146,0.096,0.165,-0.187,-0.213,-0.232,-0.238,-0.284,-0.224,-0.230,-0.254,-0.180,-0.220,-0.221,-0.210,-0.255,-0.128,0.040,-0.172,[5],47,16,3,9,,25
,[6],0.930,0.929,0.949,0.974,1.000,0.971,0.977,0.975,0.975,0.677,-0.218,0.167,0.166,0.108,-0.084,-0.067,0.105,0.316,0.651,0.049,0.067,0.302,-0.175,-0.190,-0.102,0.148,0.166,-0.125,0.008,0.082,-0.082,0.135,0.407,0.049,0.232,-0.113,0.196,-0.192,0.116,0.055,-0.251,-0.026,-0.126,0.015,0.177,0.062,0.198,0.053,-0.070,-0.021,-0.105,0.208,0.019,0.439,0.025,-0.074,-0.150,0.101,0.168,-0.202,-0.233,-0.252,-0.268,-0.311,-0.238,-0.258,-0.283,-0.206,-0.250,-0.241,-0.241,-0.280,-0.156,0.024,-0.197,[6],43,19,4,9,,19
,[7],0.927,0.913,0.949,0.957,0.971,1.000,0.969,0.973,0.973,0.743,-0.233,0.127,0.178,0.167,-0.022,-0.167,0.116,0.262,0.639,0.070,0.125,0.347,-0.222,-0.244,-0.021,0.149,0.214,-0.122,-0.052,-0.010,-0.051,0.042,0.446,0.037,0.268,-0.037,0.141,-0.213,0.107,0.076,-0.175,0.005,-0.112,0.042,0.210,0.070,0.202,0.097,-0.036,-0.062,-0.077,0.241,0.001,0.444,0.064,-0.058,-0.192,0.051,0.043,-0.250,-0.286,-0.290,-0.326,-0.349,-0.283,-0.305,-0.316,-0.252,-0.292,-0.288,-0.291,-0.323,-0.204,-0.026,-0.203,[7],36,26,3,10,,23
,[9],0.907,0.910,0.938,0.965,0.977,0.969,1.000,0.968,0.972,0.737,-0.255,0.113,0.144,0.181,-0.105,-0.074,0.135,0.301,0.650,0.036,0.027,0.308,-0.211,-0.170,-0.146,0.194,0.188,-0.109,0.044,0.099,-0.027,0.124,0.444,0.077,0.280,-0.070,0.176,-0.190,0.073,0.065,-0.235,0.014,-0.107,0.043,0.125,0.108,0.214,0.046,-0.092,-0.045,-0.067,0.208,-0.020,0.419,0.037,-0.018,-0.205,0.131,0.168,-0.270,-0.298,-0.314,-0.327,-0.378,-0.308,-0.323,-0.348,-0.271,-0.311,-0.305,-0.298,-0.343,-0.211,0.011,-0.197,[9],39,23,3,10,,20
,[10],0.917,0.911,0.942,0.961,0.975,0.973,0.968,1.000,0.976,0.707,-0.256,0.197,0.148,0.143,-0.061,-0.054,0.071,0.215,0.662,0.070,0.065,0.311,-0.155,-0.229,-0.086,0.168,0.170,-0.055,0.002,0.074,-0.093,0.091,0.392,0.059,0.230,-0.068,0.200,-0.166,0.090,0.100,-0.223,0.010,-0.108,0.022,0.139,0.072,0.199,0.034,-0.009,-0.044,-0.134,0.150,-0.012,0.466,0.085,-0.021,-0.200,0.080,0.158,-0.251,-0.280,-0.298,-0.310,-0.362,-0.287,-0.305,-0.325,-0.259,-0.292,-0.284,-0.287,-0.328,-0.211,-0.024,-0.213,[10],41,22,2,10,,25
,[11],0.908,0.910,0.922,0.958,0.975,0.973,0.972,0.976,1.000,0.716,-0.296,0.200,0.188,0.167,-0.091,-0.108,0.101,0.244,0.669,0.091,0.051,0.345,-0.207,-0.218,-0.119,0.205,0.150,-0.094,0.009,0.099,-0.044,0.098,0.442,0.108,0.282,-0.099,0.178,-0.182,0.092,0.078,-0.166,0.014,-0.124,0.013,0.161,0.098,0.205,0.047,-0.048,-0.063,-0.100,0.209,-0.057,0.387,0.057,0.000,-0.195,0.122,0.138,-0.248,-0.284,-0.294,-0.315,-0.367,-0.289,-0.303,-0.323,-0.252,-0.287,-0.288,-0.272,-0.336,-0.200,0.000,-0.198,[11],40,23,2,10,,22
,[18],0.568,0.557,0.632,0.640,0.677,0.743,0.737,0.707,0.716,1.000,-0.400,-0.088,0.340,0.330,0.122,-0.091,0.239,0.148,0.331,-0.081,0.125,0.334,-0.359,-0.388,-0.124,0.254,0.336,-0.169,-0.114,-0.003,-0.120,-0.129,0.419,-0.108,0.350,-0.028,-0.113,-0.254,0.156,0.269,-0.073,-0.057,-0.153,0.117,0.112,0.024,0.256,0.088,-0.011,-0.173,0.037,0.159,-0.060,0.466,0.091,-0.054,-0.318,0.065,-0.007,-0.408,-0.420,-0.415,-0.467,-0.471,-0.416,-0.455,-0.449,-0.440,-0.423,-0.419,-0.455,-0.440,-0.398,-0.160,-0.200,[18],34,15,21,5,,16
,[26],0.012,-0.060,-0.047,-0.114,-0.218,-0.233,-0.255,-0.256,-0.296,-0.400,1.000,-0.075,-0.415,-0.386,0.004,0.095,-0.046,0.078,-0.529,0.098,-0.014,-0.611,0.236,0.364,0.175,-0.536,-0.165,0.093,-0.170,-0.380,-0.059,0.070,-0.287,-0.166,-0.490,-0.121,0.196,0.191,-0.100,-0.121,0.100,-0.152,-0.237,-0.167,0.063,-0.307,-0.116,-0.076,-0.068,0.063,-0.157,-0.314,-0.048,-0.248,-0.236,-0.069,0.241,-0.410,-0.296,0.061,0.089,0.090,0.123,0.184,0.106,0.136,0.157,0.142,0.100,0.100,0.072,0.129,0.166,-0.046,0.142,[26],50,17,7,1,,28
,[62],0.179,0.203,0.161,0.133,0.167,0.127,0.113,0.197,0.200,-0.088,-0.075,1.000,0.072,-0.326,-0.122,0.052,-0.178,-0.204,0.088,-0.040,-0.348,0.034,0.079,0.022,-0.040,0.083,-0.398,0.162,-0.018,0.219,0.085,0.026,0.024,0.273,0.017,-0.162,0.203,-0.037,-0.036,0.128,0.046,0.067,0.066,-0.377,0.144,0.197,-0.037,0.045,0.090,-0.108,-0.342,-0.090,-0.032,-0.028,-0.186,0.127,0.101,0.055,0.238,0.083,0.108,0.087,0.118,0.007,0.068,0.095,0.099,0.124,0.112,0.108,0.150,0.048,0.145,0.148,-0.047,[62],63,11,0,1,,36
,[70],0.026,0.038,0.035,0.054,0.166,0.178,0.144,0.148,0.188,0.340,-0.415,0.072,1.000,0.186,0.153,-0.094,0.276,-0.052,0.122,-0.182,0.131,0.240,-0.249,-0.431,0.119,0.289,0.309,-0.453,-0.062,0.124,-0.134,-0.085,0.049,-0.156,0.245,-0.218,-0.368,0.036,0.131,0.297,0.092,0.166,0.039,0.292,0.325,-0.033,0.231,0.321,-0.094,-0.064,-0.115,0.343,0.104,0.312,-0.046,-0.145,-0.138,0.148,0.096,-0.202,-0.259,-0.231,-0.277,-0.254,-0.231,-0.251,-0.265,-0.273,-0.255,-0.229,-0.254,-0.240,-0.201,-0.156,-0.143,[70],41,30,3,1,,18
,[421],0.002,-0.004,-0.020,0.095,0.108,0.167,0.181,0.143,0.167,0.330,-0.386,-0.326,0.186,1.000,-0.203,-0.365,0.143,-0.090,0.205,0.087,0.074,0.244,-0.195,-0.260,-0.077,0.512,0.387,-0.122,0.031,-0.003,0.049,-0.019,0.315,0.023,0.314,0.338,-0.102,-0.009,-0.016,0.079,0.061,0.207,0.101,0.273,-0.156,0.188,-0.079,0.214,-0.103,-0.041,0.270,0.003,-0.105,0.057,0.394,0.245,-0.414,0.163,0.110,-0.305,-0.312,-0.294,-0.344,-0.300,-0.309,-0.299,-0.332,-0.373,-0.302,-0.338,-0.303,-0.295,-0.368,-0.206,-0.001,[421],39,33,2,1,,22
,[460],-0.071,-0.095,-0.049,-0.118,-0.084,-0.022,-0.105,-0.061,-0.091,0.122,0.004,-0.122,0.153,-0.203,1.000,0.129,0.110,0.096,-0.149,-0.182,0.242,0.047,0.144,-0.323,0.181,-0.181,0.106,-0.087,-0.300,-0.242,-0.162,-0.339,-0.186,-0.248,-0.051,-0.083,-0.263,-0.029,0.138,0.288,0.319,-0.188,-0.246,0.034,0.495,-0.250,0.230,0.257,0.214,-0.111,-0.154,0.180,0.210,0.283,-0.123,-0.488,0.320,-0.326,-0.283,-0.052,-0.058,-0.046,-0.079,-0.011,-0.019,-0.078,-0.044,-0.058,-0.074,-0.048,-0.170,-0.023,-0.041,-0.093,0.165,[460],52,20,2,1,,29
,[462],-0.144,-0.109,-0.103,-0.068,-0.067,-0.167,-0.074,-0.054,-0.108,-0.091,0.095,0.052,-0.094,-0.365,0.129,1.000,-0.226,-0.016,-0.120,-0.143,-0.255,-0.069,0.208,0.205,-0.146,-0.006,-0.093,0.128,0.432,0.165,-0.191,0.111,-0.161,-0.007,-0.062,-0.157,0.179,0.102,0.007,0.024,-0.143,-0.043,-0.059,-0.016,-0.072,0.154,0.141,-0.340,0.017,0.211,-0.194,-0.229,-0.254,0.100,0.077,0.147,-0.056,0.140,0.302,-0.059,-0.040,-0.081,0.023,-0.080,-0.076,-0.072,-0.100,-0.092,-0.079,-0.055,-0.042,-0.088,-0.100,-0.077,-0.172,[462],63,10,1,1,,38
,[468],0.054,0.098,0.091,0.049,0.105,0.116,0.135,0.071,0.101,0.239,-0.046,-0.178,0.276,0.143,0.110,-0.226,1.000,0.174,0.034,-0.049,0.317,0.156,-0.140,-0.466,0.063,-0.039,0.152,-0.179,-0.339,-0.083,-0.225,-0.357,0.236,-0.130,0.148,-0.102,-0.600,0.078,0.341,0.175,0.099,0.032,-0.208,0.050,0.254,-0.295,0.436,0.499,0.201,-0.173,0.167,0.154,0.087,0.348,-0.184,-0.404,0.185,-0.180,-0.251,-0.231,-0.269,-0.229,-0.272,-0.221,-0.156,-0.263,-0.221,-0.212,-0.234,-0.225,-0.334,-0.143,-0.138,-0.051,0.303,[468],42,27,5,1,,17
,[522],0.333,0.376,0.362,0.322,0.316,0.262,0.301,0.215,0.244,0.148,0.078,-0.204,-0.052,-0.090,0.096,-0.016,0.174,1.000,0.210,0.097,0.160,-0.020,-0.045,-0.129,0.002,-0.150,0.029,-0.212,-0.037,-0.073,-0.083,0.101,0.156,0.084,0.084,-0.142,-0.043,-0.173,0.031,-0.042,-0.086,-0.235,-0.165,0.009,0.103,-0.211,0.271,0.077,-0.245,0.016,-0.077,0.116,0.043,0.138,-0.198,-0.332,0.057,-0.069,-0.037,0.408,0.410,0.398,0.381,0.387,0.418,0.404,0.343,0.435,0.378,0.399,0.331,0.391,0.521,0.505,0.369,[522],41,26,7,1,,27
,[558],0.518,0.557,0.549,0.609,0.651,0.639,0.650,0.662,0.669,0.331,-0.529,0.088,0.122,0.205,-0.149,-0.120,0.034,0.210,1.000,-0.022,0.045,0.350,-0.000,-0.188,-0.175,0.320,0.219,-0.096,0.103,0.141,0.079,0.246,0.371,0.185,0.202,-0.052,0.108,-0.154,0.083,0.009,-0.266,0.060,-0.041,0.081,0.094,0.176,0.163,0.080,-0.043,0.106,-0.101,0.131,0.058,0.391,0.084,0.043,-0.116,0.191,0.292,-0.022,-0.056,-0.085,-0.089,-0.145,-0.073,-0.096,-0.123,-0.059,-0.072,-0.073,-0.071,-0.136,-0.029,0.136,-0.081,[558],52,12,10,1,,31
,[561],0.158,0.177,0.062,0.088,0.049,0.070,0.036,0.070,0.091,-0.081,0.098,-0.040,-0.182,0.087,-0.182,-0.143,-0.049,0.097,-0.022,1.000,0.150,-0.025,-0.086,-0.013,0.232,-0.114,-0.397,0.498,-0.072,-0.062,0.018,-0.084,0.030,0.070,-0.048,0.116,0.361,0.166,-0.285,-0.157,-0.066,0.309,-0.037,-0.251,-0.254,-0.155,-0.104,-0.088,0.206,0.239,0.230,-0.187,-0.415,-0.257,0.142,0.069,-0.146,-0.211,-0.256,0.215,0.186,0.204,0.184,0.185,0.198,0.209,0.233,0.228,0.216,0.173,0.263,0.163,0.228,0.177,0.081,[561],51,21,2,1,,29
,[578],0.166,0.151,0.113,0.040,0.067,0.125,0.027,0.065,0.051,0.125,-0.014,-0.348,0.131,0.074,0.242,-0.255,0.317,0.160,0.045,0.150,1.000,0.232,-0.092,-0.191,0.467,-0.387,0.031,0.067,-0.235,-0.442,-0.148,-0.469,-0.125,-0.274,-0.045,0.278,-0.194,-0.188,0.141,0.068,-0.047,-0.132,-0.077,0.167,0.032,-0.455,-0.027,0.242,0.220,0.248,0.134,0.223,0.108,0.307,0.115,-0.392,0.064,-0.274,-0.620,0.041,0.019,0.042,-0.009,0.105,0.122,0.035,0.082,0.070,0.009,0.044,-0.032,0.117,0.037,-0.029,0.133,[578],53,16,5,1,,30
,[612],0.191,0.225,0.206,0.217,0.302,0.347,0.308,0.311,0.345,0.334,-0.611,0.034,0.240,0.244,0.047,-0.069,0.156,-0.020,0.350,-0.025,0.232,1.000,-0.380,-0.264,0.194,0.174,0.184,-0.135,0.154,-0.035,0.072,-0.306,0.169,0.127,0.597,0.192,-0.267,-0.193,0.400,-0.253,-0.014,0.019,0.216,0.047,0.162,0.396,0.090,0.305,0.086,-0.064,0.343,0.536,0.036,0.224,0.261,-0.205,-0.065,0.293,-0.078,-0.113,-0.136,-0.114,-0.188,-0.163,-0.085,-0.165,-0.156,-0.116,-0.153,-0.147,-0.125,-0.132,-0.166,-0.046,-0.216,[612],43,28,3,1,,18
,[624],-0.117,-0.108,-0.132,-0.105,-0.175,-0.222,-0.211,-0.155,-0.207,-0.359,0.236,0.079,-0.249,-0.195,0.144,0.208,-0.140,-0.045,-0.000,-0.086,-0.092,-0.380,1.000,0.079,-0.079,-0.088,-0.125,0.311,-0.108,-0.003,-0.101,0.253,-0.248,-0.006,-0.533,-0.061,0.223,0.088,-0.186,0.147,-0.067,-0.095,-0.321,-0.031,0.081,-0.157,-0.164,-0.223,0.223,0.373,-0.300,-0.231,0.179,0.017,-0.161,0.062,0.251,-0.181,0.197,0.173,0.169,0.141,0.219,0.170,0.143,0.182,0.165,0.159,0.174,0.166,0.155,0.200,0.155,0.037,0.073,[624],52,21,1,1,,20
,[629],-0.082,-0.084,-0.152,-0.116,-0.190,-0.244,-0.170,-0.229,-0.218,-0.388,0.364,0.022,-0.431,-0.260,-0.323,0.205,-0.466,-0.129,-0.188,-0.013,-0.191,-0.264,0.079,1.000,-0.098,-0.113,-0.294,0.171,0.425,0.058,0.258,0.295,-0.242,0.138,-0.095,0.035,0.537,-0.060,-0.175,-0.373,-0.102,-0.107,0.135,-0.054,-0.181,0.213,-0.535,-0.256,-0.191,0.266,-0.114,-0.044,-0.227,-0.362,-0.054,0.306,0.139,0.187,0.084,0.015,0.057,0.023,0.090,0.080,0.012,0.074,0.077,0.089,0.045,0.051,0.133,0.032,0.033,-0.036,-0.210,[629],48,21,5,1,,28
,[657],0.034,0.044,0.004,-0.117,-0.102,-0.021,-0.146,-0.086,-0.119,-0.124,0.175,-0.040,0.119,-0.077,0.181,-0.146,0.063,0.002,-0.175,0.232,0.467,0.194,-0.079,-0.098,1.000,-0.353,0.060,0.039,0.080,-0.405,0.140,-0.391,-0.141,-0.232,0.163,0.355,-0.121,-0.192,-0.075,-0.069,0.042,0.219,0.152,0.246,0.197,-0.170,-0.090,0.235,0.218,0.119,0.051,0.238,0.048,0.006,0.285,-0.313,0.056,-0.221,-0.533,0.173,0.137,0.192,0.125,0.225,0.199,0.163,0.213,0.201,0.160,0.163,0.151,0.213,0.136,-0.011,-0.118,[657],54,17,3,1,,23
,[676],-0.078,-0.083,-0.038,0.104,0.148,0.149,0.194,0.168,0.205,0.254,-0.536,0.083,0.289,0.512,-0.181,-0.006,-0.039,-0.150,0.320,-0.114,-0.387,0.174,-0.088,-0.113,-0.353,1.000,0.202,-0.213,0.360,0.488,0.071,0.365,0.389,0.277,0.417,-0.002,-0.029,-0.164,0.023,0.122,0.172,0.306,0.378,0.120,0.057,0.404,0.056,0.095,-0.193,-0.061,-0.012,0.046,-0.183,0.038,0.288,0.406,-0.351,0.557,0.558,-0.317,-0.338,-0.338,-0.335,-0.426,-0.403,-0.350,-0.404,-0.408,-0.333,-0.364,-0.277,-0.391,-0.393,-0.233,-0.139,[676],35,27,12,1,,18
,[677],0.049,0.009,0.113,0.137,0.166,0.214,0.188,0.170,0.150,0.336,-0.165,-0.398,0.309,0.387,0.106,-0.093,0.152,0.029,0.219,-0.397,0.031,0.184,-0.125,-0.294,0.060,0.202,1.000,-0.571,-0.062,-0.301,-0.184,0.040,0.134,-0.134,0.214,-0.006,-0.320,-0.000,0.224,-0.104,0.000,-0.118,-0.090,0.301,0.121,0.270,0.180,0.088,-0.162,-0.162,0.097,0.111,0.176,0.219,0.059,-0.095,-0.088,0.078,0.164,-0.283,-0.322,-0.308,-0.359,-0.283,-0.304,-0.322,-0.373,-0.373,-0.331,-0.312,-0.396,-0.333,-0.353,-0.261,-0.224,[677],41,32,1,1,,18
,[685],0.004,0.035,-0.054,-0.078,-0.125,-0.122,-0.109,-0.055,-0.094,-0.169,0.093,0.162,-0.453,-0.122,-0.087,0.128,-0.179,-0.212,-0.096,0.498,0.067,-0.135,0.311,0.171,0.039,-0.213,-0.571,1.000,-0.046,0.047,0.187,-0.184,-0.163,-0.043,-0.333,0.221,0.375,0.078,-0.382,0.072,-0.225,0.219,-0.077,-0.294,-0.374,-0.208,-0.286,-0.328,0.491,0.381,0.112,-0.336,-0.271,-0.157,0.203,0.166,-0.081,-0.295,-0.216,0.201,0.224,0.211,0.285,0.183,0.208,0.216,0.269,0.254,0.231,0.228,0.294,0.218,0.179,0.126,0.059,[685],38,32,4,1,,19
,[715],-0.061,-0.044,-0.062,0.011,0.008,-0.052,0.044,0.002,0.009,-0.114,-0.170,-0.018,-0.062,0.031,-0.300,0.432,-0.339,-0.037,0.103,-0.072,-0.235,0.154,-0.108,0.425,0.080,0.360,-0.062,-0.046,1.000,0.406,0.329,0.334,-0.058,0.105,0.357,0.116,0.263,-0.179,-0.174,-0.073,-0.060,0.285,0.459,0.314,-0.165,0.342,-0.243,-0.204,-0.253,0.174,-0.040,0.176,-0.172,-0.074,0.494,0.336,-0.195,0.552,0.321,-0.007,-0.007,-0.019,0.026,-0.060,-0.070,-0.008,-0.049,-0.038,-0.028,-0.022,0.100,-0.054,-0.103,-0.017,-0.268,[715],51,17,6,1,,35
,[747],-0.088,-0.049,-0.028,0.051,0.082,-0.010,0.099,0.074,0.099,-0.003,-0.380,0.219,0.124,-0.003,-0.242,0.165,-0.083,-0.073,0.141,-0.062,-0.442,-0.035,-0.003,0.058,-0.405,0.488,-0.301,0.047,0.406,1.000,0.209,0.336,0.166,0.104,0.251,-0.083,0.059,0.061,-0.091,0.220,-0.062,0.246,0.331,0.095,-0.081,0.050,0.021,-0.200,-0.117,-0.044,-0.037,0.169,0.046,-0.002,0.152,0.208,-0.092,0.434,0.467,-0.149,-0.137,-0.169,-0.101,-0.276,-0.205,-0.155,-0.209,-0.164,-0.152,-0.145,-0.053,-0.172,-0.149,-0.112,-0.166,[747],53,15,6,1,,33
,[750],-0.016,-0.022,-0.049,-0.056,-0.082,-0.051,-0.027,-0.093,-0.044,-0.120,-0.059,0.085,-0.134,0.049,-0.162,-0.191,-0.225,-0.083,0.079,0.018,-0.148,0.072,-0.101,0.258,0.140,0.071,-0.184,0.187,0.329,0.209,1.000,0.049,0.005,-0.058,0.159,0.231,0.212,-0.206,-0.395,-0.045,0.115,0.274,0.283,0.199,-0.132,0.168,-0.304,-0.033,-0.031,0.191,0.058,0.157,-0.037,-0.316,0.201,0.143,-0.017,0.084,-0.072,0.086,0.089,0.083,0.111,0.061,0.056,0.099,0.104,0.131,0.102,0.080,0.153,0.068,0.081,0.060,-0.057,[750],61,13,0,1,,39
,[781],0.081,0.042,0.051,0.187,0.135,0.042,0.124,0.091,0.098,-0.129,0.070,0.026,-0.085,-0.019,-0.339,0.111,-0.357,0.101,0.246,-0.084,-0.469,-0.306,0.253,0.295,-0.391,0.365,0.040,-0.184,0.334,0.336,0.049,1.000,-0.020,0.221,-0.206,-0.381,0.392,0.118,-0.194,-0.001,-0.074,0.101,0.054,0.040,0.012,0.146,-0.034,-0.333,-0.472,0.055,-0.265,-0.133,-0.071,-0.093,-0.054,0.340,-0.040,0.410,0.580,0.086,0.083,0.048,0.093,0.031,-0.008,0.106,0.013,0.041,0.069,0.051,0.136,0.019,0.085,0.127,-0.033,[781],53,17,4,1,,38
,[782],0.284,0.321,0.361,0.412,0.407,0.446,0.444,0.392,0.442,0.419,-0.287,0.024,0.049,0.315,-0.186,-0.161,0.236,0.156,0.371,0.030,-0.125,0.169,-0.248,-0.242,-0.141,0.389,0.134,-0.163,-0.058,0.166,0.005,-0.020,1.000,0.200,0.436,0.203,-0.091,-0.131,0.150,0.104,0.071,0.231,0.180,0.102,0.003,0.257,0.334,0.276,-0.016,-0.207,0.171,0.137,-0.139,0.014,0.133,0.201,-0.357,0.211,0.087,-0.178,-0.187,-0.169,-0.200,-0.251,-0.207,-0.215,-0.204,-0.197,-0.163,-0.202,-0.164,-0.230,-0.175,-0.016,0.051,[782],39,28,7,1,,14
,[783],0.013,0.087,-0.001,0.078,0.049,0.037,0.077,0.059,0.108,-0.108,-0.166,0.273,-0.156,0.023,-0.248,-0.007,-0.130,0.084,0.185,0.070,-0.274,0.127,-0.006,0.138,-0.232,0.277,-0.134,-0.043,0.105,0.104,-0.058,0.221,0.200,1.000,0.246,-0.143,0.137,-0.071,-0.023,-0.273,0.273,-0.001,0.224,-0.110,-0.137,0.329,0.066,-0.023,-0.305,-0.166,0.084,0.019,-0.146,-0.366,0.061,0.215,-0.075,0.383,0.265,0.117,0.114,0.108,0.101,0.067,0.070,0.097,0.079,0.104,0.110,0.084,0.142,0.071,0.136,0.207,0.082,[783],56,18,0,1,,31
,[784],0.076,0.127,0.167,0.179,0.232,0.268,0.280,0.230,0.282,0.350,-0.490,0.017,0.245,0.314,-0.051,-0.062,0.148,0.084,0.202,-0.048,-0.045,0.597,-0.533,-0.095,0.163,0.417,0.214,-0.333,0.357,0.251,0.159,-0.206,0.436,0.246,1.000,0.269,-0.286,-0.295,0.329,-0.163,0.241,0.171,0.451,0.250,0.124,0.416,0.150,0.320,-0.094,-0.321,0.238,0.529,-0.052,0.060,0.241,-0.072,-0.138,0.419,0.063,-0.254,-0.250,-0.235,-0.290,-0.314,-0.242,-0.287,-0.293,-0.262,-0.245,-0.259,-0.235,-0.281,-0.258,-0.135,-0.200,[784],25,40,9,1,,13
,[788],-0.069,-0.082,-0.034,-0.073,-0.113,-0.037,-0.070,-0.068,-0.099,-0.028,-0.121,-0.162,-0.218,0.338,-0.083,-0.157,-0.102,-0.142,-0.052,0.116,0.278,0.192,-0.061,0.035,0.355,-0.002,-0.006,0.221,0.116,-0.083,0.231,-0.381,0.203,-0.143,0.269,1.000,0.050,-0.250,-0.025,-0.119,-0.150,0.137,0.302,0.141,-0.249,0.145,-0.176,0.016,0.151,0.101,0.323,0.073,0.075,-0.151,0.340,0.059,-0.234,-0.022,-0.229,-0.123,-0.095,-0.081,-0.096,-0.061,-0.097,-0.101,-0.072,-0.094,-0.098,-0.104,-0.058,-0.077,-0.180,-0.228,-0.188,[788],57,17,0,1,,33
,[810],0.281,0.279,0.193,0.273,0.196,0.141,0.176,0.200,0.178,-0.113,0.196,0.203,-0.368,-0.102,-0.263,0.179,-0.600,-0.043,0.108,0.361,-0.194,-0.267,0.223,0.537,-0.121,-0.029,-0.320,0.375,0.263,0.059,0.212,0.392,-0.091,0.137,-0.286,0.050,1.000,-0.063,-0.440,-0.171,-0.289,-0.039,-0.043,-0.128,-0.243,0.162,-0.441,-0.393,-0.100,0.438,-0.232,-0.326,-0.245,-0.229,0.068,0.448,-0.052,0.053,0.174,0.145,0.149,0.110,0.172,0.130,0.073,0.159,0.143,0.151,0.140,0.108,0.234,0.058,0.088,0.051,-0.180,[810],45,23,6,1,,15
,[812],-0.165,-0.195,-0.207,-0.133,-0.192,-0.213,-0.190,-0.166,-0.182,-0.254,0.191,-0.037,0.036,-0.009,-0.029,0.102,0.078,-0.173,-0.154,0.166,-0.188,-0.193,0.088,-0.060,-0.192,-0.164,-0.000,0.078,-0.179,0.061,-0.206,0.118,-0.131,-0.071,-0.295,-0.250,-0.063,1.000,-0.108,0.041,0.043,0.214,-0.121,-0.246,-0.061,-0.078,0.075,-0.129,0.017,-0.047,0.061,-0.133,-0.186,-0.111,-0.133,-0.043,0.074,-0.060,0.145,-0.049,-0.039,-0.037,-0.006,-0.037,-0.031,-0.013,-0.037,-0.041,-0.020,-0.019,-0.028,-0.029,0.030,0.067,0.085,[812],66,8,0,1,,39
,[813],0.009,0.003,0.074,0.048,0.116,0.107,0.073,0.090,0.092,0.156,-0.100,-0.036,0.131,-0.016,0.138,0.007,0.341,0.031,0.083,-0.285,0.141,0.400,-0.186,-0.175,-0.075,0.023,0.224,-0.382,-0.174,-0.091,-0.395,-0.194,0.150,-0.023,0.329,-0.025,-0.440,-0.108,1.000,-0.224,0.160,-0.330,0.061,-0.120,0.254,0.126,0.291,0.395,0.047,-0.208,0.151,0.279,0.187,0.322,-0.141,-0.241,0.100,0.143,-0.033,-0.209,-0.192,-0.196,-0.244,-0.196,-0.131,-0.226,-0.196,-0.208,-0.225,-0.190,-0.280,-0.159,-0.170,-0.163,-0.081,[813],51,22,1,1,,23
,[821],0.053,0.015,0.056,0.030,0.055,0.076,0.065,0.100,0.078,0.269,-0.121,0.128,0.297,0.079,0.288,0.024,0.175,-0.042,0.009,-0.157,0.068,-0.253,0.147,-0.373,-0.069,0.122,-0.104,0.072,-0.073,0.220,-0.045,-0.001,0.104,-0.273,-0.163,-0.119,-0.171,0.041,-0.224,1.000,0.134,0.176,-0.120,0.174,0.118,-0.295,0.122,0.105,0.115,-0.006,-0.270,-0.140,0.141,0.425,0.112,0.047,-0.059,-0.244,-0.059,-0.069,-0.057,-0.063,-0.047,-0.109,-0.080,-0.061,-0.068,-0.105,-0.059,-0.040,-0.086,-0.046,-0.080,0.049,0.373,[821],61,12,1,1,,36
,[825],-0.209,-0.265,-0.239,-0.221,-0.251,-0.175,-0.235,-0.223,-0.166,-0.073,0.100,0.046,0.092,0.061,0.319,-0.143,0.099,-0.086,-0.266,-0.066,-0.047,-0.014,-0.067,-0.102,0.042,0.172,0.000,-0.225,-0.060,-0.062,0.115,-0.074,0.071,0.273,0.241,-0.150,-0.289,0.043,0.160,0.134,1.000,0.066,0.208,0.075,0.216,0.119,0.126,0.399,-0.047,-0.291,-0.028,0.193,-0.076,-0.216,0.056,0.034,0.098,0.079,-0.131,-0.102,-0.101,-0.076,-0.097,-0.078,-0.082,-0.075,-0.058,-0.109,-0.074,-0.102,-0.115,-0.055,-0.031,-0.030,0.324,[825],55,19,0,1,,37
,[850],-0.062,-0.040,-0.053,-0.017,-0.026,0.005,0.014,0.010,0.014,-0.057,-0.152,0.067,0.166,0.207,-0.188,-0.043,0.032,-0.235,0.060,0.309,-0.132,0.019,-0.095,-0.107,0.219,0.306,-0.118,0.219,0.285,0.246,0.274,0.101,0.231,-0.001,0.171,0.137,-0.039,0.214,-0.330,0.176,0.066,1.000,0.377,0.164,-0.083,0.076,0.184,0.016,0.074,-0.001,0.206,0.075,-0.175,-0.162,0.334,0.178,-0.373,0.217,0.183,0.001,-0.044,0.001,-0.006,-0.069,-0.070,-0.016,-0.015,-0.051,0.009,-0.034,0.082,-0.021,-0.041,0.018,-0.024,[850],57,17,0,1,,41
,[855],-0.175,-0.182,-0.134,-0.133,-0.126,-0.112,-0.107,-0.108,-0.124,-0.153,-0.237,0.066,0.039,0.101,-0.246,-0.059,-0.208,-0.165,-0.041,-0.037,-0.077,0.216,-0.321,0.135,0.152,0.378,-0.090,-0.077,0.459,0.331,0.283,0.054,0.180,0.224,0.451,0.302,-0.043,-0.121,0.061,-0.120,0.208,0.377,1.000,0.208,-0.187,0.308,-0.120,0.130,-0.149,-0.034,0.229,0.285,0.006,-0.172,0.397,0.239,-0.297,0.492,0.148,0.008,0.017,0.028,0.011,-0.035,-0.033,-0.000,-0.006,-0.003,-0.005,0.000,0.091,0.003,-0.051,-0.019,-0.131,[855],52,19,3,1,,28
,[857],-0.021,-0.019,0.004,0.003,0.015,0.042,0.043,0.022,0.013,0.117,-0.167,-0.377,0.292,0.273,0.034,-0.016,0.050,0.009,0.081,-0.251,0.167,0.047,-0.031,-0.054,0.246,0.120,0.301,-0.294,0.314,0.095,0.199,0.040,0.102,-0.110,0.250,0.141,-0.128,-0.246,-0.120,0.174,0.075,0.164,0.208,1.000,0.033,-0.108,0.009,0.098,-0.302,0.001,0.069,0.285,0.264,0.149,0.314,-0.008,-0.237,0.164,-0.036,-0.133,-0.184,-0.159,-0.179,-0.134,-0.173,-0.170,-0.177,-0.200,-0.167,-0.184,-0.174,-0.095,-0.244,-0.234,-0.115,[857],56,18,0,1,,28
,[883],0.117,0.109,0.163,0.138,0.177,0.210,0.125,0.139,0.161,0.112,0.063,0.144,0.325,-0.156,0.495,-0.072,0.254,0.103,0.094,-0.254,0.032,0.162,0.081,-0.181,0.197,0.057,0.121,-0.374,-0.165,-0.081,-0.132,0.012,0.003,-0.137,0.124,-0.249,-0.243,-0.061,0.254,0.118,0.216,-0.083,-0.187,0.033,1.000,-0.097,0.258,0.421,0.024,-0.240,-0.241,0.408,0.168,0.386,-0.198,-0.391,0.417,-0.107,-0.056,-0.121,-0.153,-0.113,-0.173,-0.098,-0.096,-0.142,-0.118,-0.120,-0.124,-0.136,-0.185,-0.110,-0.072,-0.177,0.029,[883],56,14,4,1,,19
,[912],-0.045,-0.044,-0.003,0.061,0.062,0.070,0.108,0.072,0.098,0.024,-0.307,0.197,-0.033,0.188,-0.250,0.154,-0.295,-0.211,0.176,-0.155,-0.455,0.396,-0.157,0.213,-0.170,0.404,0.270,-0.208,0.342,0.050,0.168,0.146,0.257,0.329,0.416,0.145,0.162,-0.078,0.126,-0.295,0.119,0.076,0.308,-0.108,-0.097,1.000,-0.067,0.069,-0.055,0.024,0.150,0.100,-0.106,-0.209,0.089,0.427,-0.100,0.429,0.443,-0.094,-0.089,-0.103,-0.099,-0.146,-0.140,-0.113,-0.147,-0.143,-0.107,-0.119,-0.046,-0.178,-0.177,-0.016,-0.182,[912],54,14,6,1,,25
,[914],0.081,0.118,0.187,0.167,0.198,0.202,0.214,0.199,0.205,0.256,-0.116,-0.037,0.231,-0.079,0.230,0.141,0.436,0.271,0.163,-0.104,-0.027,0.090,-0.164,-0.535,-0.090,0.056,0.180,-0.286,-0.243,0.021,-0.304,-0.034,0.334,0.066,0.150,-0.176,-0.441,0.075,0.291,0.122,0.126,0.184,-0.120,0.009,0.258,-0.067,1.000,0.181,-0.134,-0.381,-0.023,0.033,0.018,0.262,-0.197,-0.224,-0.041,0.009,0.096,-0.068,-0.118,-0.078,-0.112,-0.127,-0.072,-0.133,-0.126,-0.119,-0.090,-0.101,-0.159,-0.109,0.005,0.062,0.190,[914],55,16,3,1,,25
,[915],0.041,0.017,0.021,-0.026,0.053,0.097,0.046,0.034,0.047,0.088,-0.076,0.045,0.321,0.214,0.257,-0.340,0.499,0.077,0.080,-0.088,0.242,0.305,-0.223,-0.256,0.235,0.095,0.088,-0.328,-0.204,-0.200,-0.033,-0.333,0.276,-0.023,0.320,0.016,-0.393,-0.129,0.395,0.105,0.399,0.016,0.130,0.098,0.421,0.069,0.181,1.000,0.090,-0.167,0.061,0.329,0.245,0.240,0.002,-0.272,0.157,-0.101,-0.244,-0.128,-0.140,-0.115,-0.174,-0.086,-0.067,-0.145,-0.097,-0.114,-0.138,-0.140,-0.194,-0.090,-0.076,-0.067,0.299,[915],48,24,2,1,,32
,[918],-0.038,-0.016,-0.018,-0.088,-0.070,-0.036,-0.092,-0.009,-0.048,-0.011,-0.068,0.090,-0.094,-0.103,0.214,0.017,0.201,-0.245,-0.043,0.206,0.220,0.086,0.223,-0.191,0.218,-0.193,-0.162,0.491,-0.253,-0.117,-0.031,-0.472,-0.016,-0.305,-0.094,0.151,-0.100,0.017,0.047,0.115,-0.047,0.074,-0.149,-0.302,0.024,-0.055,-0.134,0.090,1.000,0.184,0.078,-0.030,-0.078,0.174,0.093,-0.140,0.143,-0.428,-0.279,0.030,0.037,0.030,0.061,0.030,0.082,0.018,0.075,0.046,0.046,0.061,0.011,0.082,-0.004,-0.043,0.049,[918],60,11,3,1,,46
,[920],0.024,0.066,-0.039,-0.011,-0.021,-0.062,-0.045,-0.044,-0.063,-0.173,0.063,-0.108,-0.064,-0.041,-0.111,0.211,-0.173,0.016,0.106,0.239,0.248,-0.064,0.373,0.266,0.119,-0.061,-0.162,0.381,0.174,-0.044,0.191,0.055,-0.207,-0.166,-0.321,0.101,0.438,-0.047,-0.208,-0.006,-0.291,-0.001,-0.034,0.001,-0.240,0.024,-0.381,-0.167,0.184,1.000,-0.092,-0.182,-0.173,0.021,0.094,0.263,0.077,-0.019,-0.016,0.170,0.155,0.113,0.183,0.142,0.149,0.165,0.140,0.173,0.118,0.142,0.187,0.150,0.094,0.100,-0.075,[920],60,13,1,1,,32
,[921],-0.153,-0.178,-0.117,-0.114,-0.105,-0.077,-0.067,-0.134,-0.100,0.037,-0.157,-0.342,-0.115,0.270,-0.154,-0.194,0.167,-0.077,-0.101,0.230,0.134,0.343,-0.300,-0.114,0.051,-0.012,0.097,0.112,-0.040,-0.037,0.058,-0.265,0.171,0.084,0.238,0.323,-0.232,0.061,0.151,-0.270,-0.028,0.206,0.229,0.069,-0.241,0.150,-0.023,0.061,0.078,-0.092,1.000,0.170,0.123,-0.231,0.355,-0.159,-0.224,0.106,-0.085,-0.080,-0.081,-0.057,-0.106,-0.056,-0.051,-0.108,-0.055,-0.100,-0.085,-0.100,-0.061,-0.012,-0.178,-0.135,-0.101,[921],58,16,0,1,,30
,[941],0.138,0.163,0.175,0.170,0.208,0.241,0.208,0.150,0.209,0.159,-0.314,-0.090,0.343,0.003,0.180,-0.229,0.154,0.116,0.131,-0.187,0.223,0.536,-0.231,-0.044,0.238,0.046,0.111,-0.336,0.176,0.169,0.157,-0.133,0.137,0.019,0.529,0.073,-0.326,-0.133,0.279,-0.140,0.193,0.075,0.285,0.285,0.408,0.100,0.033,0.329,-0.030,-0.182,0.170,1.000,0.277,0.072,0.067,-0.359,0.118,0.297,-0.110,-0.079,-0.103,-0.070,-0.138,-0.098,-0.060,-0.102,-0.086,-0.059,-0.106,-0.082,-0.068,-0.050,-0.059,-0.082,-0.209,[941],51,20,3,1,,23
,[949],0.027,-0.031,0.085,-0.021,0.019,0.001,-0.020,-0.012,-0.057,-0.060,-0.048,-0.032,0.104,-0.105,0.210,-0.254,0.087,0.043,0.058,-0.415,0.108,0.036,0.179,-0.227,0.048,-0.183,0.176,-0.271,-0.172,0.046,-0.037,-0.071,-0.139,-0.146,-0.052,0.075,-0.245,-0.186,0.187,0.141,-0.076,-0.175,0.006,0.264,0.168,-0.106,0.018,0.245,-0.078,-0.173,0.123,0.277,1.000,0.200,-0.097,-0.370,0.227,-0.223,0.045,0.095,0.089,0.079,0.053,0.102,0.112,0.063,0.069,0.067,0.066,0.088,0.026,0.147,0.052,-0.063,0.070,[949],62,11,1,1,,41
,[952],0.349,0.331,0.411,0.350,0.439,0.444,0.419,0.466,0.387,0.466,-0.248,-0.028,0.312,0.057,0.283,0.100,0.348,0.138,0.391,-0.257,0.307,0.224,0.017,-0.362,0.006,0.038,0.219,-0.157,-0.074,-0.002,-0.316,-0.093,0.014,-0.366,0.060,-0.151,-0.229,-0.111,0.322,0.425,-0.216,-0.162,-0.172,0.149,0.386,-0.209,0.262,0.240,0.174,0.021,-0.231,0.072,0.200,1.000,0.037,-0.237,0.061,-0.211,-0.028,-0.196,-0.211,-0.220,-0.238,-0.232,-0.162,-0.234,-0.243,-0.230,-0.231,-0.193,-0.305,-0.176,-0.192,-0.074,0.041,[952],32,35,7,1,,18
,[954],-0.014,-0.048,-0.038,0.010,0.025,0.064,0.037,0.085,0.057,0.091,-0.236,-0.186,-0.046,0.394,-0.123,0.077,-0.184,-0.198,0.084,0.142,0.115,0.261,-0.161,-0.054,0.285,0.288,0.059,0.203,0.494,0.152,0.201,-0.054,0.133,0.061,0.241,0.340,0.068,-0.133,-0.141,0.112,0.056,0.334,0.397,0.314,-0.198,0.089,-0.197,0.002,0.093,0.094,0.355,0.067,-0.097,0.037,1.000,0.192,-0.433,0.206,-0.066,-0.096,-0.103,-0.085,-0.094,-0.109,-0.124,-0.104,-0.095,-0.154,-0.117,-0.125,-0.039,-0.086,-0.256,-0.211,-0.167,[954],56,16,2,1,,33
,[957],-0.101,-0.071,-0.116,-0.012,-0.074,-0.058,-0.018,-0.021,0.000,-0.054,-0.069,0.127,-0.145,0.245,-0.488,0.147,-0.404,-0.332,0.043,0.069,-0.392,-0.205,0.062,0.306,-0.313,0.406,-0.095,0.166,0.336,0.208,0.143,0.340,0.201,0.215,-0.072,0.059,0.448,-0.043,-0.241,0.047,0.034,0.178,0.239,-0.008,-0.391,0.427,-0.224,-0.272,-0.140,0.263,-0.159,-0.359,-0.370,-0.237,0.192,1.000,-0.360,0.334,0.300,-0.041,-0.048,-0.057,-0.000,-0.099,-0.126,-0.018,-0.058,-0.091,-0.038,-0.068,0.074,-0.125,-0.137,-0.025,-0.084,[957],46,23,5,1,,32
,[970],-0.096,-0.060,-0.105,-0.146,-0.150,-0.192,-0.205,-0.200,-0.195,-0.318,0.241,0.101,-0.138,-0.414,0.320,-0.056,0.185,0.057,-0.116,-0.146,0.064,-0.065,0.251,0.139,0.056,-0.351,-0.088,-0.081,-0.195,-0.092,-0.017,-0.040,-0.357,-0.075,-0.138,-0.234,-0.052,0.074,0.100,-0.059,0.098,-0.373,-0.297,-0.237,0.417,-0.100,-0.041,0.157,0.143,0.077,-0.224,0.118,0.227,0.061,-0.433,-0.360,1.000,-0.234,-0.121,0.236,0.242,0.217,0.227,0.273,0.305,0.238,0.247,0.291,0.239,0.258,0.177,0.254,0.278,0.202,0.303,[970],41,30,3,1,,21
,[980],-0.084,-0.040,-0.048,0.096,0.101,0.051,0.131,0.080,0.122,0.065,-0.410,0.055,0.148,0.163,-0.326,0.140,-0.180,-0.069,0.191,-0.211,-0.274,0.293,-0.181,0.187,-0.221,0.557,0.078,-0.295,0.552,0.434,0.084,0.410,0.211,0.383,0.419,-0.022,0.053,-0.060,0.143,-0.244,0.079,0.217,0.492,0.164,-0.107,0.429,0.009,-0.101,-0.428,-0.019,0.106,0.297,-0.223,-0.211,0.206,0.334,-0.234,1.000,0.517,-0.127,-0.129,-0.136,-0.125,-0.193,-0.192,-0.134,-0.181,-0.163,-0.145,-0.154,-0.050,-0.163,-0.189,-0.028,-0.301,[980],47,17,10,1,,19
,[988],-0.040,-0.019,0.033,0.165,0.168,0.043,0.168,0.158,0.138,-0.007,-0.296,0.238,0.096,0.110,-0.283,0.302,-0.251,-0.037,0.292,-0.256,-0.620,-0.078,0.197,0.084,-0.533,0.558,0.164,-0.216,0.321,0.467,-0.072,0.580,0.087,0.265,0.063,-0.229,0.174,0.145,-0.033,-0.059,-0.131,0.183,0.148,-0.036,-0.056,0.443,0.096,-0.244,-0.279,-0.016,-0.085,-0.110,0.045,-0.028,-0.066,0.300,-0.121,0.517,1.000,-0.037,-0.029,-0.072,-0.016,-0.125,-0.105,-0.057,-0.136,-0.123,-0.040,-0.056,-0.014,-0.092,-0.079,0.055,-0.165,[988],53,14,7,1,,33
,[993],-0.099,-0.020,-0.126,-0.187,-0.202,-0.250,-0.270,-0.251,-0.248,-0.408,0.061,0.083,-0.202,-0.305,-0.052,-0.059,-0.231,0.408,-0.022,0.215,0.041,-0.113,0.173,0.015,0.173,-0.317,-0.283,0.201,-0.007,-0.149,0.086,0.086,-0.178,0.117,-0.254,-0.123,0.145,-0.049,-0.209,-0.069,-0.102,0.001,0.008,-0.133,-0.121,-0.094,-0.068,-0.128,0.030,0.170,-0.080,-0.079,0.095,-0.196,-0.096,-0.041,0.236,-0.127,-0.037,1.000,0.987,0.989,0.980,0.968,0.979,0.984,0.975,0.976,0.985,0.985,0.968,0.958,0.940,0.832,0.539,[993],42,15,3,15,,25
,[994],-0.125,-0.051,-0.148,-0.213,-0.233,-0.286,-0.298,-0.280,-0.284,-0.420,0.089,0.108,-0.259,-0.312,-0.058,-0.040,-0.269,0.410,-0.056,0.186,0.019,-0.136,0.169,0.057,0.137,-0.338,-0.322,0.224,-0.007,-0.137,0.089,0.083,-0.187,0.114,-0.250,-0.095,0.149,-0.039,-0.192,-0.057,-0.101,-0.044,0.017,-0.184,-0.153,-0.089,-0.118,-0.140,0.037,0.155,-0.081,-0.103,0.089,-0.211,-0.103,-0.048,0.242,-0.129,-0.029,0.987,1.000,0.991,0.988,0.972,0.984,0.990,0.979,0.981,0.988,0.993,0.968,0.961,0.945,0.841,0.550,[994],42,15,3,15,,21
,[995],-0.138,-0.065,-0.162,-0.232,-0.252,-0.290,-0.314,-0.298,-0.294,-0.415,0.090,0.087,-0.231,-0.294,-0.046,-0.081,-0.229,0.398,-0.085,0.204,0.042,-0.114,0.141,0.023,0.192,-0.338,-0.308,0.211,-0.019,-0.169,0.083,0.048,-0.169,0.108,-0.235,-0.081,0.110,-0.037,-0.196,-0.063,-0.076,0.001,0.028,-0.159,-0.113,-0.103,-0.078,-0.115,0.030,0.113,-0.057,-0.070,0.079,-0.220,-0.085,-0.057,0.217,-0.136,-0.072,0.989,0.991,1.000,0.981,0.978,0.984,0.988,0.988,0.980,0.993,0.992,0.970,0.964,0.942,0.830,0.554,[995],41,17,2,15,,25
,[996],-0.152,-0.079,-0.177,-0.238,-0.268,-0.326,-0.327,-0.310,-0.315,-0.467,0.123,0.118,-0.277,-0.344,-0.079,0.023,-0.272,0.381,-0.089,0.184,-0.009,-0.188,0.219,0.090,0.125,-0.335,-0.359,0.285,0.026,-0.101,0.111,0.093,-0.200,0.101,-0.290,-0.096,0.172,-0.006,-0.244,-0.047,-0.097,-0.006,0.011,-0.179,-0.173,-0.099,-0.112,-0.174,0.061,0.183,-0.106,-0.138,0.053,-0.238,-0.094,-0.000,0.227,-0.125,-0.016,0.980,0.988,0.981,1.000,0.963,0.970,0.985,0.973,0.975,0.983,0.986,0.974,0.955,0.940,0.822,0.550,[996],39,19,2,15,,20
,[997],-0.174,-0.111,-0.213,-0.284,-0.311,-0.349,-0.378,-0.362,-0.367,-0.471,0.184,0.007,-0.254,-0.300,-0.011,-0.080,-0.221,0.387,-0.145,0.185,0.105,-0.163,0.170,0.080,0.225,-0.426,-0.283,0.183,-0.060,-0.276,0.061,0.031,-0.251,0.067,-0.314,-0.061,0.130,-0.037,-0.196,-0.109,-0.078,-0.069,-0.035,-0.134,-0.098,-0.146,-0.127,-0.086,0.030,0.142,-0.056,-0.098,0.102,-0.232,-0.109,-0.099,0.273,-0.193,-0.125,0.968,0.972,0.978,0.963,1.000,0.977,0.978,0.980,0.965,0.972,0.971,0.941,0.961,0.922,0.775,0.555,[997],39,18,3,15,,19
,[998],-0.119,-0.043,-0.146,-0.224,-0.238,-0.283,-0.308,-0.287,-0.289,-0.416,0.106,0.068,-0.231,-0.309,-0.019,-0.076,-0.156,0.418,-0.073,0.198,0.122,-0.085,0.143,0.012,0.199,-0.403,-0.304,0.208,-0.070,-0.205,0.056,-0.008,-0.207,0.070,-0.242,-0.097,0.073,-0.031,-0.131,-0.080,-0.082,-0.070,-0.033,-0.173,-0.096,-0.140,-0.072,-0.067,0.082,0.149,-0.051,-0.060,0.112,-0.162,-0.124,-0.126,0.305,-0.192,-0.105,0.979,0.984,0.984,0.970,0.977,1.000,0.978,0.981,0.978,0.981,0.986,0.944,0.969,0.941,0.820,0.582,[998],42,14,4,15,,24
,[999],-0.131,-0.061,-0.168,-0.230,-0.258,-0.305,-0.323,-0.305,-0.303,-0.455,0.136,0.095,-0.251,-0.299,-0.078,-0.072,-0.263,0.404,-0.096,0.209,0.035,-0.165,0.182,0.074,0.163,-0.350,-0.322,0.216,-0.008,-0.155,0.099,0.106,-0.215,0.097,-0.287,-0.101,0.159,-0.013,-0.226,-0.061,-0.075,-0.016,-0.000,-0.170,-0.142,-0.113,-0.133,-0.145,0.018,0.165,-0.108,-0.102,0.063,-0.234,-0.104,-0.018,0.238,-0.134,-0.057,0.984,0.990,0.988,0.985,0.978,0.978,1.000,0.979,0.981,0.986,0.988,0.974,0.964,0.950,0.827,0.558,[999],39,18,3,15,,19
,[1001],-0.141,-0.074,-0.181,-0.254,-0.283,-0.316,-0.348,-0.325,-0.323,-0.449,0.157,0.099,-0.265,-0.332,-0.044,-0.100,-0.221,0.343,-0.123,0.233,0.082,-0.156,0.165,0.077,0.213,-0.404,-0.373,0.269,-0.049,-0.209,0.104,0.013,-0.204,0.079,-0.293,-0.072,0.143,-0.037,-0.196,-0.068,-0.058,-0.015,-0.006,-0.177,-0.118,-0.147,-0.126,-0.097,0.075,0.140,-0.055,-0.086,0.069,-0.243,-0.095,-0.058,0.247,-0.181,-0.136,0.975,0.979,0.988,0.973,0.980,0.981,0.979,1.000,0.978,0.986,0.983,0.962,0.964,0.934,0.801,0.553,[1001],38,19,3,15,,21
,[1002],-0.065,0.013,-0.102,-0.180,-0.206,-0.252,-0.271,-0.259,-0.252,-0.440,0.142,0.124,-0.273,-0.373,-0.058,-0.092,-0.212,0.435,-0.059,0.228,0.070,-0.116,0.159,0.089,0.201,-0.408,-0.373,0.254,-0.038,-0.164,0.131,0.041,-0.197,0.104,-0.262,-0.094,0.151,-0.041,-0.208,-0.105,-0.109,-0.051,-0.003,-0.200,-0.120,-0.143,-0.119,-0.114,0.046,0.173,-0.100,-0.059,0.067,-0.230,-0.154,-0.091,0.291,-0.163,-0.123,0.976,0.981,0.980,0.975,0.965,0.978,0.981,0.978,1.000,0.978,0.984,0.963,0.955,0.963,0.841,0.536,[1002],40,16,4,15,,18
,[1009],-0.134,-0.060,-0.156,-0.220,-0.250,-0.292,-0.311,-0.292,-0.287,-0.423,0.100,0.112,-0.255,-0.302,-0.074,-0.079,-0.234,0.378,-0.072,0.216,0.009,-0.153,0.174,0.045,0.160,-0.333,-0.331,0.231,-0.028,-0.152,0.102,0.069,-0.163,0.110,-0.245,-0.098,0.140,-0.020,-0.225,-0.059,-0.074,0.009,-0.005,-0.167,-0.124,-0.107,-0.090,-0.138,0.046,0.118,-0.085,-0.106,0.066,-0.231,-0.117,-0.038,0.239,-0.145,-0.040,0.985,0.988,0.993,0.983,0.972,0.981,0.986,0.986,0.978,1.000,0.989,0.970,0.961,0.941,0.831,0.561,[1009],40,18,2,15,,21
,[1010],-0.124,-0.048,-0.145,-0.221,-0.241,-0.288,-0.305,-0.284,-0.288,-0.419,0.100,0.108,-0.229,-0.338,-0.048,-0.055,-0.225,0.399,-0.073,0.173,0.044,-0.147,0.166,0.051,0.163,-0.364,-0.312,0.228,-0.022,-0.145,0.080,0.051,-0.202,0.084,-0.259,-0.104,0.108,-0.019,-0.190,-0.040,-0.102,-0.034,0.000,-0.184,-0.136,-0.119,-0.101,-0.140,0.061,0.142,-0.100,-0.082,0.088,-0.193,-0.125,-0.068,0.258,-0.154,-0.056,0.985,0.993,0.992,0.986,0.971,0.986,0.988,0.983,0.984,0.989,1.000,0.965,0.962,0.950,0.840,0.553,[1010],42,16,2,15,,20
,[1011],-0.130,-0.053,-0.165,-0.210,-0.241,-0.291,-0.298,-0.287,-0.272,-0.455,0.072,0.150,-0.254,-0.303,-0.170,-0.042,-0.334,0.331,-0.071,0.263,-0.032,-0.125,0.155,0.133,0.151,-0.277,-0.396,0.294,0.100,-0.053,0.153,0.136,-0.164,0.142,-0.235,-0.058,0.234,-0.028,-0.280,-0.086,-0.115,0.082,0.091,-0.174,-0.185,-0.046,-0.159,-0.194,0.011,0.187,-0.061,-0.068,0.026,-0.305,-0.039,0.074,0.177,-0.050,-0.014,0.968,0.968,0.970,0.974,0.941,0.944,0.974,0.962,0.963,0.970,0.965,1.000,0.922,0.913,0.796,0.466,[1011],40,18,2,15,,20
,[1012],-0.151,-0.082,-0.176,-0.255,-0.280,-0.323,-0.343,-0.328,-0.336,-0.440,0.129,0.048,-0.240,-0.295,-0.023,-0.088,-0.143,0.391,-0.136,0.163,0.117,-0.132,0.200,0.032,0.213,-0.391,-0.333,0.218,-0.054,-0.172,0.068,0.019,-0.230,0.071,-0.281,-0.077,0.058,-0.029,-0.159,-0.046,-0.055,-0.021,0.003,-0.095,-0.110,-0.178,-0.109,-0.090,0.082,0.150,-0.012,-0.050,0.147,-0.176,-0.086,-0.125,0.254,-0.163,-0.092,0.958,0.961,0.964,0.955,0.961,0.969,0.964,0.964,0.955,0.961,0.962,0.922,1.000,0.918,0.796,0.578,[1012],41,17,2,15,,23
,[1013],-0.019,0.055,-0.054,-0.128,-0.156,-0.204,-0.211,-0.211,-0.200,-0.398,0.166,0.145,-0.201,-0.368,-0.041,-0.100,-0.138,0.521,-0.029,0.228,0.037,-0.166,0.155,0.033,0.136,-0.393,-0.353,0.179,-0.103,-0.149,0.081,0.085,-0.175,0.136,-0.258,-0.180,0.088,0.030,-0.170,-0.080,-0.031,-0.041,-0.051,-0.244,-0.072,-0.177,0.005,-0.076,-0.004,0.094,-0.178,-0.059,0.052,-0.192,-0.256,-0.137,0.278,-0.189,-0.079,0.940,0.945,0.942,0.940,0.922,0.941,0.950,0.934,0.963,0.941,0.950,0.913,0.918,1.000,0.885,0.587,[1013],45,13,2,15,,24
,[1014],0.102,0.192,0.079,0.040,0.024,-0.026,0.011,-0.024,0.000,-0.160,-0.046,0.148,-0.156,-0.206,-0.093,-0.077,-0.051,0.505,0.136,0.177,-0.029,-0.046,0.037,-0.036,-0.011,-0.233,-0.261,0.126,-0.017,-0.112,0.060,0.127,-0.016,0.207,-0.135,-0.228,0.051,0.067,-0.163,0.049,-0.030,0.018,-0.019,-0.234,-0.177,-0.016,0.062,-0.067,-0.043,0.100,-0.135,-0.082,-0.063,-0.074,-0.211,-0.025,0.202,-0.028,0.055,0.832,0.841,0.830,0.822,0.775,0.820,0.827,0.801,0.841,0.831,0.840,0.796,0.796,0.885,1.000,0.620,[1014],50,8,2,15,,36
,[1021],-0.096,-0.080,-0.123,-0.172,-0.197,-0.203,-0.197,-0.213,-0.198,-0.200,0.142,-0.047,-0.143,-0.001,0.165,-0.172,0.303,0.369,-0.081,0.081,0.133,-0.216,0.073,-0.210,-0.118,-0.139,-0.224,0.059,-0.268,-0.166,-0.057,-0.033,0.051,0.082,-0.200,-0.188,-0.180,0.085,-0.081,0.373,0.324,-0.024,-0.131,-0.115,0.029,-0.182,0.190,0.299,0.049,-0.075,-0.101,-0.209,0.070,0.041,-0.167,-0.084,0.303,-0.301,-0.165,0.539,0.550,0.554,0.550,0.555,0.582,0.558,0.553,0.536,0.561,0.553,0.466,0.578,0.587,0.620,1.000,[1021],44,15,15,1,,21