
 [100] basis_ent0 = 0.004335 

 0block [700] MSE battle ~ dct(0.671875) vs ica(0.578125) ~
 dct_block(12) : 0.002370
 ICA_dc : 0.000185 + ICA_coe : 0.000022 = 0.000206
 diff : 0.002164

 0block [862] MSE battle ~ dct(0.640625) vs ica(0.578125) ~
 dct_block(12) : 0.002386
 ICA_dc : 0.000193 + ICA_coe : 0.000022 = 0.000215
 diff : 0.002171
