


,,[12],[14],[28],[48],[60],[81],[82],[93],[114],[115],[116],[124],[125],[147],[156],[179],[180],[181],[189],[211],[212],[213],[214],[243],[244],[245],[246],[247],[262],[264],[275],[276],[277],[278],[279],[280],[291],[296],[307],[308],[309],[310],[311],[312],[327],[328],[340],[341],[342],[343],[344],[358],[359],[360],[372],[373],[374],[375],[390],[391],[404],[405],[406],[407],[422],[423],[435],[436],[437],[438],[455],[468],[485],[486],[487],[498],[499],[517],[518],[519],[530],[531],[549],[550],[551],[582],[583],[614],[615],[646],[664],[665],[673],[674],[675],[678],[679],[680],[697],[698],[704],[705],[706],[707],[708],[709],[710],[711],[724],[730],[737],[738],[739],[740],[741],[742],[743],[744],[750],[771],[772],[773],[774],[776],[777],[779],[781],[782],[786],[803],[804],[805],[806],[807],[808],[809],[810],[811],[813],[816],[817],[833],[836],[837],[838],[839],[840],[841],[842],[843],[844],[845],[847],[848],[849],[850],[867],[868],[869],[871],[872],[873],[874],[875],[880],[881],[882],[900],[901],[903],[904],[907],[908],[910],[912],[913],[914],[930],[931],[932],[934],[937],[938],[942],[944],[945],[963],[964],[965],[966],[968],[973],[974],[978],[979],[989],[990],[997],[1006],[1008],,0~0.2,0.2~0.4,0.4~0.7,0.7~1,,0~0.1
,[12],1.000,-0.069,0.141,0.047,-0.020,-0.115,0.218,0.217,-0.231,-0.003,0.285,-0.375,-0.461,0.064,0.066,0.026,-0.051,0.189,0.021,-0.326,0.090,0.179,0.082,-0.347,-0.171,0.130,-0.020,0.178,-0.044,0.413,-0.337,-0.334,0.106,0.069,0.264,-0.186,-0.296,-0.112,-0.328,-0.196,0.182,-0.063,0.116,0.066,-0.105,-0.440,0.403,0.213,-0.049,-0.177,-0.209,-0.129,0.244,-0.195,0.061,0.291,-0.196,-0.043,0.156,0.058,-0.067,-0.108,-0.104,0.428,0.050,0.146,0.315,-0.155,-0.328,-0.573,0.010,0.052,0.221,-0.128,0.099,-0.470,-0.037,0.025,-0.079,-0.049,0.563,0.460,0.198,0.047,-0.112,0.237,0.071,0.012,-0.269,0.070,-0.004,0.094,-0.043,0.156,0.103,0.275,0.234,-0.177,0.005,-0.025,-0.085,0.028,0.275,-0.039,0.127,-0.318,-0.126,0.133,-0.220,-0.177,0.139,0.206,0.114,-0.068,0.202,0.131,0.216,-0.043,-0.158,0.214,0.153,-0.057,0.282,0.032,0.059,0.235,-0.122,0.100,-0.323,0.045,0.167,-0.076,0.027,-0.194,-0.103,0.227,0.053,-0.040,0.163,-0.092,-0.226,0.036,0.139,0.124,-0.186,-0.017,-0.217,0.045,0.120,0.115,0.266,-0.302,0.090,-0.203,0.044,-0.445,-0.171,-0.112,0.302,-0.287,-0.101,0.010,-0.042,-0.106,0.031,-0.192,-0.268,0.004,0.286,0.085,-0.242,-0.133,0.012,0.243,0.169,-0.228,0.151,0.085,0.163,0.001,0.024,0.017,-0.154,-0.267,0.270,-0.055,-0.027,0.023,-0.246,-0.185,0.237,0.171,0.053,-0.301,0.128,-0.046,0.082,-0.003,0.015,-0.176,[12],138,51,10,1,,75
,[14],-0.069,1.000,-0.197,-0.097,-0.367,-0.106,0.129,0.196,0.071,-0.253,-0.059,0.477,0.056,0.005,0.007,0.113,-0.273,-0.321,0.170,0.193,0.098,0.110,-0.230,0.086,0.056,0.261,0.027,-0.191,0.093,-0.208,0.078,0.212,0.232,-0.139,-0.130,-0.072,0.210,-0.400,0.020,0.269,0.119,0.113,-0.190,-0.227,-0.070,-0.143,0.207,-0.081,-0.034,0.009,-0.147,0.293,0.004,0.368,0.121,-0.283,-0.227,0.301,-0.084,0.087,-0.352,-0.440,-0.222,-0.039,-0.076,-0.279,-0.088,0.131,0.034,0.009,0.276,0.095,0.032,-0.123,-0.072,0.300,0.376,0.030,-0.011,0.028,0.150,0.147,0.067,-0.159,0.087,-0.008,0.311,0.184,0.279,-0.055,0.247,-0.138,0.078,-0.107,-0.112,-0.091,-0.243,-0.175,-0.053,-0.036,0.153,0.189,-0.179,0.110,-0.245,0.019,-0.058,0.165,0.094,0.039,-0.008,-0.221,0.008,0.074,-0.123,-0.050,-0.145,-0.180,0.071,-0.194,-0.062,0.058,-0.003,-0.040,0.079,0.158,0.176,0.087,0.051,-0.121,-0.069,0.132,-0.174,0.109,0.252,0.266,-0.108,-0.060,-0.102,0.285,-0.135,-0.034,-0.145,-0.062,-0.153,0.013,0.046,0.239,0.197,0.242,-0.034,-0.041,0.251,-0.334,0.168,-0.058,-0.007,0.086,-0.238,-0.055,0.188,0.142,0.004,-0.105,-0.013,-0.118,0.055,0.075,-0.041,-0.285,-0.111,-0.195,-0.028,0.434,-0.096,0.191,-0.065,-0.075,-0.063,-0.131,0.247,-0.259,-0.288,-0.176,0.130,-0.290,0.012,-0.281,-0.169,0.155,0.270,-0.123,-0.231,-0.008,0.118,0.242,-0.025,-0.066,0.166,-0.193,[14],148,48,3,1,,83
,[28],0.141,-0.197,1.000,0.081,-0.102,-0.266,0.314,0.080,-0.174,0.048,0.540,-0.012,-0.351,0.349,0.347,-0.137,-0.033,0.250,-0.145,0.191,0.249,-0.161,0.261,0.238,-0.053,-0.020,0.326,0.015,-0.395,-0.059,0.089,-0.115,-0.055,0.141,-0.101,0.152,0.131,-0.067,-0.076,-0.063,0.167,-0.132,0.056,-0.000,-0.021,-0.223,-0.132,0.377,-0.064,0.303,-0.431,0.107,-0.160,-0.237,0.098,0.281,0.075,-0.124,0.047,0.155,0.134,0.122,-0.067,-0.235,-0.037,-0.032,0.528,-0.082,-0.532,-0.204,-0.108,-0.109,0.118,-0.031,0.076,0.017,-0.050,0.200,-0.314,-0.064,0.244,0.254,0.252,-0.103,0.193,-0.084,-0.071,0.106,-0.114,-0.216,-0.255,-0.257,-0.043,-0.264,-0.261,0.005,0.094,0.286,0.067,0.135,-0.016,0.018,-0.260,-0.389,0.027,-0.115,0.215,-0.098,0.211,0.212,0.177,0.111,-0.259,-0.229,0.017,-0.014,0.022,-0.093,-0.137,-0.361,-0.418,0.111,-0.025,-0.064,0.072,0.165,0.280,-0.157,-0.038,0.165,-0.216,-0.157,0.068,0.258,0.080,-0.154,0.053,0.041,-0.083,0.111,-0.225,0.075,-0.142,-0.290,0.028,-0.055,0.353,0.025,-0.114,0.040,-0.023,0.351,-0.143,0.065,0.047,-0.278,-0.120,-0.112,-0.203,0.025,-0.394,0.025,-0.188,-0.200,0.077,-0.213,0.170,0.115,0.194,0.173,0.074,0.439,0.487,-0.096,-0.304,0.200,-0.283,-0.372,-0.115,-0.010,-0.028,-0.067,-0.153,-0.078,-0.190,0.146,-0.203,-0.288,-0.124,-0.171,-0.010,0.270,0.003,0.253,0.079,0.061,-0.180,-0.088,-0.077,0.070,[28],138,54,7,1,,77
,[48],0.047,-0.097,0.081,1.000,-0.147,0.136,0.163,0.143,0.065,0.120,-0.258,0.151,-0.249,0.272,0.062,0.134,0.095,0.002,0.437,0.228,0.049,0.162,0.006,0.190,0.028,0.139,0.007,-0.016,0.092,-0.158,0.181,-0.093,0.221,0.072,-0.032,-0.033,0.074,-0.112,0.260,0.081,0.184,0.239,0.038,-0.052,-0.069,0.166,0.089,-0.024,0.092,-0.088,0.037,-0.097,-0.109,-0.040,-0.270,-0.228,0.128,-0.113,0.055,-0.007,0.028,-0.023,0.061,-0.128,-0.093,0.024,-0.026,0.214,0.268,0.190,0.006,-0.179,0.003,0.050,0.060,0.116,0.050,-0.138,0.059,0.015,-0.037,0.071,0.099,0.129,0.113,-0.077,0.065,0.033,0.258,-0.057,0.022,-0.050,0.022,0.069,-0.045,-0.022,-0.018,0.268,0.042,0.395,0.058,0.107,-0.020,-0.002,-0.098,-0.053,0.048,0.055,-0.202,0.248,-0.041,0.023,0.103,0.008,-0.199,-0.186,-0.073,-0.079,0.138,0.035,0.013,-0.021,-0.245,-0.200,0.124,0.031,-0.052,0.003,0.213,0.075,0.090,-0.019,-0.014,-0.202,0.044,0.068,-0.046,0.075,0.145,-0.130,-0.378,-0.133,-0.023,-0.020,-0.144,0.075,0.040,0.107,0.040,0.060,0.017,-0.049,0.271,0.180,0.301,0.306,0.060,0.049,-0.006,-0.129,0.061,0.071,-0.280,-0.108,0.072,0.026,0.001,0.042,-0.039,-0.073,-0.109,0.176,-0.035,0.161,-0.008,-0.068,0.068,0.280,-0.011,-0.134,0.199,-0.086,-0.153,-0.214,0.084,-0.167,-0.212,0.096,-0.097,-0.081,0.069,0.074,0.010,-0.090,0.184,0.035,-0.057,-0.180,0.130,-0.080,[48],171,27,1,1,,121
,[60],-0.020,-0.367,-0.102,-0.147,1.000,0.236,-0.268,-0.125,0.318,0.086,-0.119,-0.544,0.350,0.228,-0.458,0.022,0.257,-0.056,-0.243,-0.171,0.070,-0.224,-0.028,0.101,0.170,-0.090,-0.025,-0.085,-0.236,0.076,0.180,-0.113,-0.060,0.243,-0.016,-0.029,0.068,-0.004,0.185,-0.290,-0.186,0.164,0.104,-0.007,-0.103,0.349,-0.178,-0.243,-0.097,0.175,0.168,-0.251,-0.006,-0.197,-0.002,0.012,0.134,-0.047,-0.055,-0.019,0.249,0.250,0.113,-0.067,0.118,-0.075,0.135,-0.059,0.148,0.184,0.088,-0.214,0.002,0.217,0.004,-0.010,-0.323,-0.141,-0.000,0.016,-0.169,0.063,-0.120,0.022,0.060,-0.140,-0.078,-0.109,-0.005,0.197,-0.197,-0.155,0.091,0.007,-0.122,-0.021,-0.334,0.123,0.164,-0.002,0.048,-0.075,-0.113,-0.070,-0.159,0.153,0.268,-0.258,0.165,0.248,-0.026,-0.031,-0.127,-0.023,-0.032,-0.116,-0.041,-0.063,0.326,-0.041,-0.074,-0.091,0.010,0.245,0.035,-0.358,-0.038,-0.090,0.189,0.167,-0.041,-0.061,-0.157,0.050,-0.130,-0.177,0.165,0.076,-0.240,0.039,0.412,-0.055,-0.151,-0.070,0.212,0.123,-0.088,-0.104,-0.071,-0.279,-0.107,-0.121,-0.228,-0.102,-0.244,-0.059,-0.050,0.179,0.011,0.315,0.124,0.125,0.235,0.180,0.150,0.153,0.328,-0.221,-0.334,-0.026,0.251,0.120,-0.019,-0.079,-0.302,0.068,-0.118,0.008,-0.092,0.050,-0.053,0.093,0.301,0.303,-0.244,0.039,0.039,0.145,0.357,0.153,-0.335,-0.172,0.017,0.143,-0.260,0.107,0.187,0.018,-0.180,0.312,[60],150,46,3,1,,82
,[81],-0.115,-0.106,-0.266,0.136,0.236,1.000,-0.466,-0.279,0.534,-0.196,-0.501,0.073,0.108,0.157,0.080,0.217,0.170,-0.113,0.052,0.183,-0.022,0.184,-0.378,0.289,0.309,-0.140,0.015,-0.317,-0.044,-0.236,0.409,0.105,-0.170,0.239,0.159,-0.361,-0.011,-0.297,0.343,0.024,-0.155,0.108,0.057,-0.146,-0.056,0.073,0.083,-0.060,0.170,0.089,0.054,-0.002,0.024,0.145,0.040,-0.081,0.023,0.011,-0.197,-0.110,-0.165,0.125,0.325,-0.131,0.155,0.040,0.026,0.003,0.281,0.245,0.139,0.097,-0.384,0.021,0.039,0.132,0.151,-0.207,0.027,0.160,-0.057,0.014,-0.221,-0.141,0.131,-0.379,0.212,-0.470,0.299,0.104,0.270,0.149,0.151,0.355,0.087,-0.129,-0.021,0.247,0.207,0.248,-0.185,-0.278,0.004,0.196,-0.366,0.210,0.153,-0.349,-0.120,0.274,-0.092,-0.075,-0.015,0.128,-0.454,-0.217,0.014,0.128,0.282,-0.101,0.095,-0.077,-0.267,-0.074,-0.040,-0.353,-0.321,-0.036,0.223,0.038,-0.023,0.034,-0.221,-0.416,0.017,-0.138,0.586,-0.382,0.257,-0.179,0.107,0.040,-0.090,0.032,0.104,0.039,-0.278,-0.025,-0.189,-0.392,0.253,-0.397,-0.113,-0.118,-0.078,0.440,0.033,0.150,0.193,-0.013,0.191,-0.364,0.531,0.175,-0.028,0.007,0.243,-0.163,-0.180,0.187,-0.032,-0.275,-0.479,-0.249,0.069,-0.217,0.170,0.611,0.109,0.002,-0.061,0.244,0.262,-0.004,0.054,0.026,0.592,0.651,0.094,-0.214,-0.107,0.233,0.300,-0.155,-0.108,0.310,0.306,0.464,-0.163,-0.009,[81],127,57,15,1,,65
,[82],0.218,0.129,0.314,0.163,-0.268,-0.466,1.000,0.238,-0.419,0.186,0.164,0.012,-0.256,-0.127,0.216,-0.157,-0.149,0.172,-0.177,0.001,-0.069,0.033,0.348,-0.088,-0.096,0.124,-0.004,0.343,0.173,-0.074,-0.141,0.038,0.166,-0.099,-0.066,0.078,0.082,-0.132,-0.183,0.194,0.197,0.011,-0.034,-0.068,-0.105,-0.081,0.158,0.069,-0.111,-0.040,-0.312,0.219,0.047,-0.171,-0.040,-0.150,-0.126,0.106,0.030,0.015,-0.127,-0.265,-0.206,-0.064,-0.142,-0.005,-0.028,-0.003,-0.245,-0.259,-0.019,-0.038,0.332,-0.132,-0.155,0.131,0.155,0.136,-0.112,0.064,0.210,0.061,0.201,-0.018,-0.052,0.236,0.248,0.194,-0.064,0.136,0.007,0.237,-0.160,-0.264,-0.133,0.092,0.280,-0.245,-0.364,-0.202,0.188,0.249,-0.019,-0.136,0.249,-0.378,-0.127,0.223,0.164,-0.146,0.107,0.065,-0.080,-0.113,0.196,0.077,0.090,0.066,-0.023,0.004,-0.175,0.062,0.004,0.095,-0.096,0.463,0.289,0.087,-0.065,0.038,0.074,-0.085,0.135,0.105,-0.021,0.052,-0.167,0.286,-0.379,0.268,-0.297,0.042,-0.005,-0.096,-0.254,0.010,-0.008,0.029,0.162,0.326,-0.061,0.226,0.043,-0.134,0.212,-0.397,-0.059,-0.027,-0.118,-0.240,-0.192,0.348,-0.200,-0.050,0.017,-0.293,-0.316,0.115,0.224,-0.019,-0.098,0.311,0.458,0.268,-0.079,-0.008,0.027,-0.222,-0.053,-0.172,0.167,-0.215,-0.372,-0.262,0.100,-0.164,-0.599,-0.295,-0.290,-0.122,0.127,0.110,-0.069,-0.042,0.348,-0.097,-0.083,-0.474,0.153,-0.191,[82],140,53,6,1,,77
,[93],0.217,0.196,0.080,0.143,-0.125,-0.279,0.238,1.000,-0.058,-0.069,0.016,-0.299,-0.242,0.284,-0.028,0.196,0.264,-0.343,0.037,0.110,0.076,0.269,0.244,-0.000,-0.174,0.548,-0.335,-0.359,-0.207,0.028,-0.044,-0.183,0.537,-0.188,-0.237,-0.112,-0.036,-0.026,-0.016,0.100,0.333,0.200,-0.341,0.073,-0.124,-0.118,0.002,-0.056,-0.128,-0.247,-0.105,-0.121,0.110,0.077,-0.007,-0.233,-0.227,0.202,0.097,0.061,-0.002,-0.165,-0.107,0.231,0.003,0.033,0.021,0.202,-0.034,-0.230,0.121,-0.187,0.094,0.003,-0.130,-0.152,0.143,0.161,0.105,0.133,-0.046,-0.000,0.220,-0.052,-0.097,0.217,0.128,0.463,0.280,-0.137,-0.190,-0.071,0.149,-0.070,-0.061,-0.006,-0.076,-0.324,0.131,-0.018,0.285,0.381,-0.145,0.204,0.123,-0.203,-0.101,0.024,-0.172,0.033,-0.030,-0.106,0.212,0.213,-0.152,0.085,-0.105,-0.251,-0.143,0.068,0.177,0.248,-0.134,0.065,0.211,0.166,0.364,-0.319,0.014,-0.037,0.278,0.293,-0.068,-0.012,-0.134,0.072,-0.212,-0.026,-0.079,-0.116,-0.128,0.077,-0.119,0.177,-0.373,0.214,0.009,0.224,0.599,0.499,-0.102,0.196,0.034,0.126,-0.172,-0.111,0.101,0.097,-0.266,-0.291,0.310,0.237,-0.170,-0.182,-0.352,0.168,-0.196,0.076,0.166,-0.458,-0.485,-0.116,0.202,0.543,0.036,0.059,0.121,0.086,-0.261,-0.256,0.476,-0.588,-0.633,-0.239,0.289,-0.498,-0.192,-0.473,-0.414,0.236,0.593,-0.151,-0.523,-0.124,0.499,0.082,-0.220,-0.152,0.575,-0.458,[93],123,57,19,1,,60
,[114],-0.231,0.071,-0.174,0.065,0.318,0.534,-0.419,-0.058,1.000,-0.285,-0.466,0.007,0.354,0.540,-0.158,0.568,0.024,-0.257,-0.209,0.295,0.117,0.060,-0.506,0.402,0.452,0.040,0.113,-0.525,-0.244,-0.574,0.425,0.311,0.071,0.247,0.024,-0.616,0.183,-0.374,0.567,0.149,0.039,0.278,0.233,-0.444,-0.131,0.076,-0.036,-0.141,0.063,0.025,-0.028,-0.041,-0.033,0.389,0.091,-0.214,0.160,-0.142,-0.095,-0.193,0.132,-0.222,-0.004,-0.250,-0.071,0.025,-0.136,-0.009,0.269,0.399,0.047,-0.092,-0.112,-0.022,0.106,0.341,0.288,-0.243,-0.132,0.195,-0.060,-0.059,-0.086,-0.112,0.235,-0.435,0.387,-0.206,0.568,-0.098,0.150,0.077,0.145,0.248,-0.093,-0.127,-0.443,0.468,0.485,0.208,-0.048,-0.223,-0.067,0.111,-0.524,0.448,0.200,-0.399,0.212,0.608,-0.137,-0.144,-0.029,0.087,-0.688,-0.141,0.051,-0.213,0.347,-0.130,0.089,-0.078,-0.419,-0.276,0.200,-0.476,-0.009,-0.154,0.564,0.073,-0.199,-0.047,-0.275,-0.273,0.097,-0.286,0.255,-0.185,-0.079,0.110,0.238,-0.063,-0.092,-0.118,0.187,0.060,-0.035,-0.120,0.051,-0.156,-0.140,-0.075,0.001,0.085,-0.116,0.440,0.170,0.131,-0.105,0.188,0.356,-0.309,0.497,0.158,-0.011,-0.166,0.467,-0.211,-0.349,-0.090,0.022,-0.182,-0.329,-0.087,-0.110,0.084,-0.045,0.344,-0.079,0.032,-0.002,-0.033,0.063,0.108,-0.168,0.092,0.534,0.344,0.148,0.081,-0.007,-0.042,0.009,0.136,-0.135,0.183,0.277,0.447,-0.127,0.078,[114],121,47,31,1,,69
,[115],-0.003,-0.253,0.048,0.120,0.086,-0.196,0.186,-0.069,-0.285,1.000,0.031,-0.216,-0.198,0.108,0.111,-0.126,-0.076,0.558,-0.177,-0.127,-0.017,-0.266,0.571,-0.299,-0.011,-0.251,0.041,0.337,0.008,0.039,-0.264,-0.111,-0.137,-0.230,-0.027,0.108,-0.449,0.080,-0.240,-0.016,0.084,-0.017,0.064,0.206,0.063,-0.058,-0.103,0.193,-0.084,-0.062,-0.199,-0.189,0.132,-0.362,0.091,-0.012,-0.129,0.121,0.057,-0.059,0.113,-0.110,-0.284,0.180,-0.212,0.176,0.037,-0.171,-0.208,-0.039,-0.071,-0.033,0.223,-0.353,0.014,-0.068,-0.287,0.125,-0.222,0.098,0.239,0.224,0.180,-0.046,-0.086,-0.112,-0.011,0.071,-0.241,0.237,-0.093,-0.104,-0.265,0.035,0.066,0.160,0.022,0.283,-0.213,0.301,0.012,0.117,0.029,-0.172,0.329,-0.343,-0.005,0.280,0.028,0.128,0.017,0.025,-0.090,-0.133,0.273,-0.168,0.063,0.127,0.006,0.170,-0.196,-0.028,-0.030,-0.168,0.118,-0.102,-0.267,0.146,-0.212,-0.087,0.050,-0.033,0.418,-0.213,-0.146,-0.215,-0.339,0.262,-0.046,-0.001,-0.241,0.009,0.045,0.058,-0.037,-0.180,-0.383,0.376,-0.460,-0.259,0.008,-0.038,0.159,0.159,0.509,-0.343,0.089,-0.105,0.123,0.079,-0.344,0.019,-0.429,-0.141,0.239,0.152,-0.080,0.141,0.025,0.204,0.389,0.167,-0.169,-0.347,-0.035,0.053,-0.274,-0.053,0.164,0.008,-0.189,0.330,0.298,-0.015,-0.122,0.090,-0.366,0.104,0.246,-0.099,-0.410,0.030,0.183,0.045,-0.227,-0.295,-0.051,-0.325,-0.329,0.311,[115],134,57,8,1,,77
,[116],0.285,-0.059,0.540,-0.258,-0.119,-0.501,0.164,0.016,-0.466,0.031,1.000,-0.134,-0.261,0.008,0.330,-0.304,-0.104,0.188,-0.033,-0.219,0.100,-0.191,0.394,-0.222,-0.366,-0.050,0.098,0.180,-0.078,0.415,-0.274,-0.268,-0.044,-0.263,-0.080,0.454,0.039,0.308,-0.346,-0.119,0.094,-0.233,-0.047,0.292,-0.014,-0.292,-0.176,0.294,-0.040,-0.006,-0.116,-0.039,0.075,-0.222,0.066,0.374,-0.021,-0.002,0.325,0.110,0.237,0.188,-0.074,0.275,0.038,-0.045,0.313,-0.084,-0.501,-0.427,0.049,-0.109,0.103,-0.010,-0.179,-0.396,-0.372,0.123,-0.033,-0.029,0.351,0.194,0.108,0.067,-0.289,0.230,-0.443,0.194,-0.511,-0.072,-0.272,-0.326,-0.149,-0.205,-0.070,0.070,0.170,-0.086,-0.086,-0.221,0.068,0.159,-0.006,-0.261,0.187,-0.102,-0.055,0.276,-0.063,-0.281,0.066,0.102,-0.025,-0.192,0.397,0.178,-0.181,0.040,-0.380,-0.009,-0.220,-0.060,0.382,0.028,-0.121,0.203,0.102,0.008,-0.277,-0.052,0.030,0.001,0.105,0.438,-0.031,0.019,-0.117,0.104,0.063,-0.008,-0.245,0.156,-0.013,-0.054,0.018,-0.235,0.241,0.031,-0.090,-0.042,0.084,-0.019,-0.150,-0.184,-0.035,-0.479,-0.078,-0.147,-0.030,0.080,-0.393,-0.006,-0.243,-0.115,0.236,0.009,-0.005,0.044,0.262,0.128,0.133,0.127,0.299,0.018,-0.142,0.163,-0.216,-0.495,0.103,0.042,-0.118,0.052,0.013,0.047,-0.073,0.124,-0.205,-0.404,-0.003,-0.015,-0.085,0.048,0.011,0.144,-0.103,-0.016,0.021,-0.160,-0.120,0.163,[116],134,52,13,1,,82
,[124],-0.375,0.477,-0.012,0.151,-0.544,0.073,0.012,-0.299,0.007,-0.216,-0.134,1.000,0.025,-0.091,0.116,0.047,-0.437,-0.107,0.318,0.445,0.140,-0.051,-0.314,0.281,0.240,-0.048,0.299,-0.007,0.225,-0.271,0.124,0.428,-0.005,0.066,-0.134,0.025,0.141,-0.201,0.110,0.290,-0.015,-0.011,-0.054,-0.158,0.164,-0.072,0.096,0.022,0.204,0.254,-0.067,0.400,-0.288,0.238,0.091,-0.131,0.067,0.024,-0.175,0.160,-0.305,-0.116,0.093,-0.299,-0.030,-0.283,-0.032,0.228,0.075,0.326,0.031,0.182,-0.123,-0.036,0.086,0.441,0.320,0.110,-0.005,-0.120,-0.131,0.001,-0.071,-0.055,0.282,-0.198,0.100,-0.045,0.131,-0.197,0.426,0.063,0.139,-0.031,-0.061,-0.163,-0.091,0.088,-0.120,0.107,-0.042,-0.064,-0.169,-0.009,-0.362,0.264,0.101,0.167,-0.060,0.060,-0.037,-0.160,-0.079,-0.045,-0.238,0.071,-0.056,0.016,0.206,-0.292,-0.210,-0.039,-0.187,-0.151,-0.175,0.063,-0.142,0.341,0.124,-0.029,-0.264,-0.073,-0.183,0.068,0.488,0.133,-0.047,0.014,0.081,-0.036,-0.079,-0.092,-0.110,-0.241,0.100,-0.085,0.101,0.154,-0.169,0.107,0.003,0.115,0.203,0.124,0.279,0.323,-0.029,0.003,-0.218,0.107,-0.007,-0.034,-0.159,0.146,-0.107,-0.045,0.197,0.110,-0.149,-0.003,0.163,-0.126,-0.119,-0.139,-0.008,0.135,-0.138,0.068,-0.016,-0.040,0.046,-0.035,-0.011,-0.023,-0.111,0.097,0.100,0.119,0.037,-0.013,0.014,0.044,0.092,0.179,-0.112,0.100,-0.101,0.077,-0.081,0.071,[124],154,37,8,1,,90
,[125],-0.461,0.056,-0.351,-0.249,0.350,0.108,-0.256,-0.242,0.354,-0.198,-0.261,0.025,1.000,-0.048,-0.348,0.199,0.007,-0.323,-0.105,0.042,-0.034,-0.243,-0.345,0.135,0.188,-0.256,-0.157,-0.174,0.180,-0.365,0.195,0.190,-0.193,0.010,-0.178,0.033,0.311,-0.147,0.349,0.248,-0.353,-0.043,-0.009,-0.185,0.019,0.398,0.028,-0.259,-0.206,0.062,-0.001,0.102,-0.116,0.322,-0.134,-0.025,0.135,-0.070,0.056,-0.106,0.096,0.103,0.031,-0.376,-0.156,-0.088,-0.315,0.055,0.347,0.504,-0.138,-0.011,0.029,0.189,0.076,0.398,0.028,-0.298,-0.069,-0.092,-0.240,-0.139,-0.166,-0.186,0.143,-0.316,-0.041,-0.263,0.172,0.129,0.183,-0.134,-0.052,-0.103,-0.030,-0.069,-0.242,-0.002,0.078,-0.291,0.057,-0.184,-0.029,0.199,-0.232,0.486,-0.074,-0.274,0.283,0.205,-0.155,-0.148,0.252,0.261,-0.208,-0.007,-0.141,0.158,0.285,0.098,0.189,0.014,-0.138,0.097,-0.293,-0.306,0.079,0.196,0.405,-0.003,-0.065,0.155,-0.205,0.233,-0.047,-0.100,-0.048,0.215,-0.410,0.402,0.350,-0.153,-0.015,0.165,0.388,0.037,0.241,-0.253,-0.150,-0.148,-0.369,-0.059,0.026,-0.310,0.022,0.202,0.144,0.044,-0.106,0.478,0.184,-0.014,0.169,0.390,0.375,-0.087,0.267,-0.206,-0.505,0.003,0.389,0.103,-0.023,-0.078,-0.348,0.156,-0.100,-0.145,-0.029,0.190,-0.208,0.174,0.419,0.491,-0.362,0.120,0.051,0.178,0.456,0.202,-0.496,-0.278,0.105,0.242,-0.228,0.099,0.116,0.038,-0.298,0.349,[125],122,65,12,1,,60
,[147],0.064,0.005,0.349,0.272,0.228,0.157,-0.127,0.284,0.540,0.108,0.008,-0.091,-0.048,1.000,-0.033,0.450,0.077,-0.101,-0.205,0.442,0.314,0.048,0.014,0.427,0.150,0.192,0.217,-0.412,-0.535,-0.430,0.388,-0.071,0.197,-0.027,-0.084,-0.380,0.040,-0.358,0.387,0.059,0.386,0.213,0.097,-0.373,-0.009,-0.134,0.017,0.286,0.140,0.033,-0.236,-0.085,-0.069,0.154,-0.004,-0.085,0.056,-0.110,0.119,-0.038,0.239,-0.238,-0.116,-0.024,-0.218,0.078,0.214,0.059,-0.093,0.188,-0.031,-0.226,-0.029,-0.226,0.170,0.220,0.096,-0.098,-0.240,0.084,0.221,0.308,0.254,-0.167,0.258,-0.392,0.266,0.083,0.372,-0.275,-0.000,-0.278,0.039,0.152,-0.186,0.039,-0.449,0.479,0.422,0.412,-0.009,0.066,-0.237,-0.183,-0.410,0.215,0.284,-0.257,0.131,0.650,-0.053,-0.158,-0.117,-0.100,-0.508,-0.124,-0.063,-0.271,0.202,-0.163,-0.235,-0.153,-0.377,-0.414,0.225,-0.382,0.154,-0.148,0.409,-0.027,-0.064,0.006,-0.090,-0.093,0.098,-0.324,0.016,0.041,-0.150,0.133,0.019,-0.091,-0.137,-0.140,-0.039,-0.150,-0.040,0.281,0.076,-0.040,-0.305,0.038,0.118,0.121,0.027,-0.012,0.188,-0.019,-0.120,0.074,0.005,-0.166,-0.036,0.011,-0.006,0.001,0.577,0.084,-0.063,-0.098,-0.055,-0.091,-0.154,-0.010,-0.215,0.223,-0.257,0.238,0.026,-0.075,0.084,-0.076,-0.125,-0.167,-0.069,-0.073,0.242,0.024,-0.019,-0.009,0.092,0.104,-0.101,0.139,-0.026,0.145,0.199,0.220,-0.046,0.032,[147],130,52,17,1,,84
,[156],0.066,0.007,0.347,0.062,-0.458,0.080,0.216,-0.028,-0.158,0.111,0.330,0.116,-0.348,-0.033,1.000,0.043,-0.067,0.114,-0.032,0.200,-0.080,0.080,0.273,-0.040,-0.058,-0.177,0.066,-0.032,0.229,-0.138,-0.049,0.146,-0.188,-0.112,0.030,0.011,-0.132,-0.140,-0.111,0.303,0.088,-0.192,0.029,0.051,0.047,-0.399,-0.034,0.298,0.009,0.069,-0.312,0.196,0.017,0.071,0.045,0.062,-0.085,0.099,0.105,0.048,-0.041,-0.029,-0.097,-0.043,-0.168,0.071,0.064,-0.099,-0.330,-0.193,-0.016,0.167,-0.023,-0.244,-0.108,0.063,0.151,0.148,-0.239,0.188,0.416,0.139,0.044,-0.193,-0.077,-0.135,0.083,-0.215,0.019,0.187,0.138,-0.092,-0.124,-0.073,0.019,-0.072,0.387,0.079,0.059,0.106,-0.046,-0.066,0.075,-0.074,0.078,-0.190,0.009,0.080,-0.078,-0.063,-0.020,0.060,-0.157,-0.105,-0.069,0.090,-0.048,0.369,-0.318,-0.108,-0.162,0.007,0.044,-0.251,-0.220,0.142,-0.084,-0.078,-0.146,-0.064,-0.073,-0.008,0.095,-0.085,-0.225,-0.187,0.159,-0.209,0.176,-0.114,-0.585,0.089,0.035,-0.121,-0.053,-0.227,0.129,-0.060,-0.261,-0.117,0.240,-0.121,-0.238,-0.282,0.169,-0.048,0.068,-0.107,0.018,-0.140,-0.287,-0.375,0.037,-0.061,0.216,-0.266,-0.214,0.062,0.222,0.321,0.037,0.067,0.039,-0.239,0.052,-0.101,0.076,-0.028,0.090,-0.046,-0.136,0.142,0.006,-0.129,0.035,0.103,0.052,0.087,-0.109,-0.309,-0.068,0.328,0.249,-0.062,0.103,0.213,0.058,0.112,-0.206,-0.076,[156],157,39,3,1,,101
,[179],0.026,0.113,-0.137,0.134,0.022,0.217,-0.157,0.196,0.568,-0.126,-0.304,0.047,0.199,0.450,0.043,1.000,0.128,-0.369,-0.049,0.386,-0.008,0.259,-0.268,0.240,0.286,0.164,-0.111,-0.439,0.078,-0.474,0.215,0.145,0.233,0.133,0.056,-0.652,-0.247,-0.551,0.474,0.264,0.354,0.225,0.071,-0.443,0.038,-0.108,0.327,0.180,0.095,-0.096,-0.219,-0.120,-0.198,0.361,-0.084,-0.177,0.030,-0.271,0.106,0.142,0.072,-0.191,-0.045,-0.132,-0.350,-0.201,-0.010,0.215,0.209,0.341,-0.009,-0.138,0.018,-0.241,0.235,0.407,0.315,-0.167,-0.180,-0.008,0.008,0.242,0.047,-0.215,0.395,-0.274,0.485,-0.419,0.539,0.058,0.382,-0.009,0.023,0.231,-0.125,-0.117,-0.081,0.268,0.472,0.242,0.070,-0.055,0.247,0.279,-0.446,0.470,-0.119,-0.287,-0.080,0.416,-0.161,-0.207,0.149,0.169,-0.656,0.168,-0.084,0.137,0.498,0.127,0.338,-0.118,-0.419,-0.309,-0.059,-0.218,-0.049,-0.075,0.512,-0.018,-0.013,0.158,-0.290,-0.255,-0.177,-0.196,0.050,-0.039,-0.235,0.061,0.066,-0.230,0.006,0.054,-0.112,-0.137,-0.043,-0.166,0.015,0.126,-0.283,-0.067,0.091,-0.039,0.093,0.388,0.247,-0.039,0.049,-0.102,0.168,-0.382,0.191,0.267,0.018,-0.203,0.017,-0.021,-0.066,0.027,-0.100,-0.249,-0.299,-0.074,0.007,-0.217,0.235,0.372,0.046,-0.147,0.074,-0.035,-0.086,-0.160,0.085,-0.078,0.353,0.266,-0.078,-0.111,0.065,0.113,0.066,-0.137,0.231,0.188,0.057,0.330,-0.059,-0.156,[179],119,60,20,1,,68
,[180],-0.051,-0.273,-0.033,0.095,0.257,0.170,-0.149,0.264,0.024,-0.076,-0.104,-0.437,0.007,0.077,-0.067,0.128,1.000,-0.452,-0.253,-0.012,-0.482,0.469,0.284,0.034,-0.398,0.207,-0.651,-0.331,-0.124,0.122,0.267,-0.525,0.042,-0.259,0.020,0.208,-0.171,0.089,0.203,-0.128,0.003,-0.105,-0.295,-0.063,0.028,0.151,-0.117,0.030,0.007,-0.230,0.269,-0.228,-0.130,0.198,-0.309,0.020,0.064,0.007,-0.059,0.094,0.171,0.303,0.176,0.080,0.043,0.051,0.017,-0.011,0.107,-0.050,-0.064,-0.009,-0.289,0.161,0.071,-0.135,-0.012,-0.225,0.107,-0.137,-0.276,-0.149,-0.253,-0.062,-0.025,0.249,-0.240,-0.203,0.275,0.159,-0.101,-0.033,0.093,-0.104,0.015,-0.145,0.238,-0.085,0.054,-0.048,-0.059,-0.017,0.168,0.329,0.074,-0.047,-0.262,-0.538,-0.302,0.011,0.041,0.158,0.241,0.242,-0.001,-0.330,-0.369,0.044,0.058,0.246,0.457,0.151,0.202,0.310,0.059,0.143,0.243,-0.506,0.105,0.036,0.460,0.515,-0.092,0.110,-0.684,0.046,0.123,-0.319,0.103,-0.085,-0.048,-0.066,0.154,0.386,-0.287,0.079,0.120,-0.373,0.216,0.012,0.069,-0.153,0.036,-0.026,-0.231,0.189,0.004,0.032,0.179,-0.405,0.079,-0.009,0.375,-0.142,-0.137,0.356,-0.230,0.004,0.281,0.028,-0.491,0.130,-0.042,0.080,0.214,-0.375,0.536,0.112,-0.128,-0.204,0.182,-0.074,-0.156,-0.208,0.393,-0.416,0.270,-0.081,-0.362,-0.131,0.250,0.165,-0.121,-0.481,0.591,-0.079,0.160,0.272,0.494,-0.540,[180],122,57,20,1,,73
,[181],0.189,-0.321,0.250,0.002,-0.056,-0.113,0.172,-0.343,-0.257,0.558,0.188,-0.107,-0.323,-0.101,0.114,-0.369,-0.452,1.000,-0.063,-0.338,0.172,-0.367,0.228,-0.286,0.089,-0.431,0.430,0.622,-0.154,0.155,-0.301,-0.066,-0.343,0.004,0.162,0.013,-0.171,0.176,-0.365,-0.186,-0.004,-0.195,0.236,0.222,0.058,-0.127,-0.001,0.312,-0.050,0.012,-0.218,-0.032,0.056,-0.528,0.239,0.203,-0.025,-0.102,0.061,-0.028,-0.074,-0.034,-0.204,0.066,-0.108,0.155,0.178,-0.234,-0.372,-0.148,-0.105,0.009,0.222,-0.307,0.103,-0.212,-0.319,0.088,-0.163,0.015,0.280,0.238,0.204,0.039,-0.049,-0.107,0.034,0.039,-0.605,-0.028,-0.319,0.151,-0.391,0.154,0.060,0.184,0.172,0.315,-0.272,0.230,-0.169,-0.050,0.058,-0.348,0.384,-0.321,-0.028,0.237,0.288,-0.007,0.107,0.145,-0.128,-0.248,0.320,-0.111,0.385,-0.069,-0.100,0.042,-0.302,-0.106,0.024,-0.245,0.198,-0.027,-0.276,0.130,-0.392,-0.079,-0.072,-0.339,0.544,-0.275,0.268,-0.276,0.016,0.127,0.083,-0.033,-0.056,-0.010,0.124,-0.066,0.088,-0.203,-0.253,0.299,-0.473,-0.392,0.200,0.154,-0.208,0.134,0.299,-0.413,-0.074,-0.289,0.197,0.096,-0.550,-0.041,-0.281,-0.268,0.223,-0.229,0.034,0.189,0.136,0.388,0.402,0.202,0.059,-0.388,0.016,0.077,-0.382,-0.169,0.297,0.176,-0.396,0.435,0.303,-0.026,-0.184,0.447,-0.341,0.149,0.200,-0.258,-0.389,0.210,0.369,0.178,-0.438,-0.145,-0.256,-0.331,-0.487,0.422,[181],105,77,17,1,,54
,[189],0.021,0.170,-0.145,0.437,-0.243,0.052,-0.177,0.037,-0.209,-0.177,-0.033,0.318,-0.105,-0.205,-0.032,-0.049,-0.253,-0.063,1.000,0.036,0.234,-0.074,-0.198,0.006,0.045,0.037,0.132,0.123,0.278,0.146,-0.080,0.047,0.135,0.174,-0.020,0.170,0.200,0.114,-0.010,-0.069,-0.007,0.185,0.008,0.205,-0.001,0.301,0.083,-0.147,0.044,0.042,0.259,-0.067,-0.019,-0.056,-0.236,-0.079,0.017,-0.135,0.102,0.042,-0.109,0.101,0.104,-0.060,0.107,-0.169,-0.113,0.354,0.408,0.207,0.076,-0.112,-0.018,0.182,-0.064,-0.007,-0.143,-0.006,0.318,-0.071,-0.200,-0.020,0.100,0.237,-0.029,0.001,-0.198,0.096,0.010,-0.162,-0.021,-0.247,0.005,0.067,0.053,0.009,-0.097,-0.060,0.015,0.267,0.106,0.129,-0.010,-0.039,-0.026,0.050,0.072,0.365,-0.138,-0.227,-0.114,-0.132,0.039,-0.054,0.040,0.113,-0.095,-0.039,-0.058,-0.018,-0.037,-0.121,-0.020,-0.087,0.032,-0.078,-0.197,0.010,0.016,-0.047,-0.099,-0.135,-0.039,0.044,0.332,0.204,-0.036,-0.091,0.312,-0.266,-0.177,-0.034,-0.093,-0.095,0.055,0.026,0.074,0.231,0.066,-0.040,0.031,-0.002,0.013,0.017,0.068,0.351,0.013,0.029,-0.017,0.146,0.089,0.145,-0.378,-0.171,0.151,0.132,-0.012,0.009,-0.122,-0.166,0.097,0.018,-0.073,0.235,-0.021,0.108,-0.064,0.077,0.112,0.087,0.026,-0.034,0.054,0.085,-0.044,0.011,-0.222,-0.078,0.158,0.205,-0.024,-0.250,-0.090,0.095,-0.176,0.191,-0.305,-0.193,-0.004,0.165,[189],165,32,2,1,,111
,[211],-0.326,0.193,0.191,0.228,-0.171,0.183,0.001,0.110,0.295,-0.127,-0.219,0.445,0.042,0.442,0.200,0.386,-0.012,-0.338,0.036,1.000,0.119,0.280,-0.265,0.737,0.101,0.351,0.170,-0.482,-0.193,-0.612,0.590,0.140,0.248,0.033,-0.145,-0.315,0.070,-0.442,0.428,0.269,0.390,0.192,-0.201,-0.267,0.176,0.038,0.175,0.244,0.328,0.145,-0.196,0.259,-0.400,0.174,-0.166,-0.288,0.055,0.019,-0.035,0.175,-0.097,0.007,0.232,-0.383,-0.208,-0.235,0.147,0.465,0.189,0.447,0.063,-0.181,-0.337,-0.122,0.076,0.642,0.271,0.044,0.041,0.047,-0.208,0.059,0.120,-0.269,0.385,-0.388,0.344,-0.133,0.522,-0.422,0.440,-0.074,0.115,0.098,-0.224,-0.242,-0.253,0.316,0.133,0.191,0.141,0.183,-0.375,0.148,-0.491,0.404,0.258,-0.177,0.059,0.493,-0.202,-0.343,-0.118,0.151,-0.686,-0.109,-0.117,-0.048,0.341,-0.387,-0.144,-0.046,-0.460,-0.450,-0.084,-0.147,0.211,-0.050,0.634,-0.107,-0.054,0.167,-0.293,-0.026,0.208,-0.186,-0.083,0.060,-0.265,0.024,0.154,-0.109,-0.282,-0.125,-0.195,-0.154,0.072,0.208,0.093,0.189,-0.444,0.130,0.061,0.140,0.125,0.395,0.244,0.053,-0.238,-0.025,0.098,-0.235,0.037,0.155,-0.213,0.102,0.377,0.212,-0.034,-0.156,-0.130,-0.096,-0.187,-0.039,-0.173,0.103,-0.074,0.379,-0.038,-0.295,0.268,-0.233,-0.271,-0.243,0.097,-0.301,0.191,0.034,-0.178,-0.049,0.174,0.189,-0.137,0.015,0.243,0.217,0.061,0.217,0.183,-0.202,[211],112,64,22,2,,47
,[212],0.090,0.098,0.249,0.049,0.070,-0.022,-0.069,0.076,0.117,-0.017,0.100,0.140,-0.034,0.314,-0.080,-0.008,-0.482,0.172,0.234,0.119,1.000,-0.682,0.054,0.095,0.443,-0.065,0.466,-0.228,-0.284,-0.041,-0.162,0.254,0.060,0.313,-0.483,-0.024,0.125,-0.183,-0.189,0.076,-0.155,-0.074,-0.039,0.183,0.091,-0.214,0.009,-0.122,-0.406,0.532,-0.402,0.090,-0.094,-0.108,0.231,0.206,-0.085,0.168,0.033,0.261,-0.072,0.135,-0.230,-0.176,0.009,-0.139,0.397,0.113,-0.211,0.066,0.105,-0.054,0.308,0.160,0.164,0.093,-0.027,0.344,-0.384,-0.117,0.150,0.429,0.306,-0.465,0.262,-0.491,0.027,0.464,-0.015,-0.267,-0.193,-0.013,0.232,-0.185,0.062,0.021,-0.491,-0.066,0.248,0.183,0.075,0.002,-0.690,-0.199,-0.040,0.021,0.417,0.217,0.189,0.111,-0.099,-0.231,-0.159,-0.124,-0.216,0.260,-0.067,-0.365,0.035,-0.502,-0.444,0.200,-0.285,0.051,0.285,-0.570,0.094,0.172,-0.051,0.075,-0.438,-0.192,0.039,-0.218,0.624,-0.330,-0.077,0.201,-0.061,-0.095,0.133,-0.031,-0.375,-0.401,0.508,0.401,-0.015,0.467,0.141,-0.089,-0.112,0.185,0.048,0.083,-0.049,-0.236,-0.060,0.022,-0.607,0.647,0.257,0.255,-0.289,0.045,0.039,0.115,0.432,0.047,-0.640,-0.424,0.377,0.097,0.166,0.296,-0.625,0.793,-0.792,-0.009,-0.191,0.285,0.022,-0.237,0.116,0.508,-0.617,0.193,-0.235,-0.083,0.558,0.592,-0.126,-0.511,-0.415,0.764,-0.527,0.100,-0.017,-0.217,-0.296,0.573,[212],114,44,38,4,,69
,[213],0.179,0.110,-0.161,0.162,-0.224,0.184,0.033,0.269,0.060,-0.266,-0.191,-0.051,-0.243,0.048,0.080,0.259,0.469,-0.367,-0.074,0.280,-0.682,1.000,-0.273,0.198,-0.448,0.525,-0.336,-0.106,0.043,-0.041,0.349,-0.411,0.303,-0.201,0.469,-0.362,-0.124,-0.119,0.263,-0.050,0.471,0.224,-0.156,-0.212,-0.055,0.032,0.338,0.250,0.532,-0.550,0.245,-0.066,-0.036,0.190,-0.295,-0.263,-0.046,-0.074,-0.023,-0.039,-0.154,-0.163,0.313,0.208,0.038,0.018,-0.169,0.200,0.270,-0.053,0.031,0.001,-0.456,-0.141,-0.012,-0.038,0.245,-0.267,0.462,0.044,-0.119,-0.239,-0.058,0.304,0.002,0.384,0.232,-0.330,0.293,-0.107,0.326,0.102,-0.012,0.395,-0.167,-0.018,0.337,0.043,-0.064,-0.006,-0.029,0.170,0.453,0.332,-0.264,0.034,-0.267,-0.244,-0.337,0.042,0.084,0.088,0.197,0.277,-0.184,-0.247,0.109,0.080,0.033,0.258,0.465,-0.128,0.071,-0.223,-0.085,0.523,0.003,-0.283,0.254,-0.100,0.508,0.282,-0.250,-0.053,-0.372,0.366,0.148,-0.297,0.124,-0.083,-0.038,-0.040,0.171,0.405,-0.749,-0.265,-0.109,-0.200,0.220,0.314,0.025,-0.218,0.022,0.022,-0.031,0.337,0.050,0.012,0.505,-0.861,-0.033,-0.279,0.307,-0.112,-0.374,-0.022,-0.319,0.136,0.699,0.112,-0.781,-0.388,-0.326,0.049,0.682,-0.748,0.812,0.425,0.152,-0.493,0.337,-0.088,-0.511,-0.817,0.900,-0.531,0.433,0.040,-0.837,-0.544,0.612,0.578,0.134,-0.897,0.757,0.072,0.119,0.377,0.613,-0.886,[213],95,65,28,12,,58
,[214],0.082,-0.230,0.261,0.006,-0.028,-0.378,0.348,0.244,-0.506,0.571,0.394,-0.314,-0.345,0.014,0.273,-0.268,0.284,0.228,-0.198,-0.265,0.054,-0.273,1.000,-0.396,-0.244,-0.130,-0.234,0.176,0.006,0.312,-0.379,-0.214,-0.034,-0.381,-0.304,0.498,-0.246,0.276,-0.471,0.025,0.014,-0.270,-0.204,0.264,0.157,-0.190,-0.294,0.129,-0.292,0.054,-0.085,-0.139,0.067,-0.169,-0.027,0.094,-0.188,0.229,0.077,0.160,0.146,0.098,-0.313,0.291,-0.100,0.150,0.106,-0.136,-0.413,-0.345,-0.068,0.046,0.259,-0.123,-0.104,-0.263,-0.201,0.296,-0.219,0.005,0.198,0.143,0.136,-0.183,-0.263,0.183,-0.302,0.364,-0.201,0.278,-0.472,-0.019,-0.083,-0.348,0.148,0.038,0.200,-0.231,-0.077,0.083,0.072,0.193,-0.107,-0.167,0.573,-0.521,-0.060,0.202,-0.094,-0.277,0.062,0.070,-0.103,-0.191,0.454,-0.057,-0.271,0.021,-0.286,0.114,-0.209,0.136,0.144,0.241,0.182,0.032,0.107,-0.183,-0.458,-0.037,0.148,0.152,0.425,0.002,-0.328,-0.227,-0.197,0.008,0.080,-0.100,-0.399,0.084,0.044,-0.025,-0.052,0.020,-0.061,0.141,-0.004,-0.088,0.154,0.071,-0.011,0.003,0.056,-0.486,-0.007,-0.066,-0.133,-0.017,-0.244,0.181,-0.338,-0.312,0.103,0.332,-0.265,0.177,0.126,-0.034,0.062,0.239,0.208,0.058,-0.060,0.217,-0.173,-0.235,-0.062,-0.003,-0.005,-0.020,-0.002,0.055,-0.086,-0.066,-0.443,-0.327,0.053,0.137,-0.061,-0.154,-0.206,0.102,0.038,-0.181,-0.081,-0.387,0.046,0.049,[214],120,66,13,1,,70
,[243],-0.347,0.086,0.238,0.190,0.101,0.289,-0.088,-0.000,0.402,-0.299,-0.222,0.281,0.135,0.427,-0.040,0.240,0.034,-0.286,0.006,0.737,0.095,0.198,-0.396,1.000,0.027,0.324,0.285,-0.428,-0.209,-0.587,0.869,0.124,0.216,0.223,-0.130,-0.268,0.467,-0.318,0.496,0.208,0.317,0.316,-0.126,-0.297,0.050,0.185,0.068,0.175,0.446,0.226,-0.082,0.260,-0.345,0.094,-0.271,-0.318,0.157,-0.041,-0.127,0.028,-0.081,0.097,0.359,-0.472,-0.075,-0.081,0.164,0.334,0.197,0.377,0.038,-0.268,-0.520,-0.054,-0.010,0.536,0.167,0.002,0.146,0.100,-0.306,-0.089,0.213,-0.136,0.277,-0.198,0.260,-0.168,0.446,-0.434,0.153,-0.130,0.064,0.059,-0.233,-0.204,-0.190,0.290,0.314,0.217,0.110,0.166,-0.427,0.080,-0.450,0.460,0.334,-0.292,0.172,0.392,-0.165,-0.410,-0.273,0.089,-0.601,0.042,-0.062,0.047,0.319,-0.548,-0.209,-0.058,-0.576,-0.284,-0.167,-0.153,0.383,-0.024,0.615,-0.135,-0.239,0.062,-0.208,-0.030,0.231,-0.226,0.195,0.185,-0.392,0.303,0.405,-0.055,-0.368,-0.241,-0.167,-0.026,0.068,-0.034,0.136,0.152,-0.493,0.235,-0.021,0.120,-0.204,0.499,0.176,0.102,-0.264,-0.050,0.073,-0.279,0.085,0.251,-0.290,-0.060,0.367,0.231,-0.035,-0.143,-0.211,-0.084,0.039,0.009,-0.267,0.092,-0.050,0.307,-0.047,-0.231,0.265,-0.251,-0.315,-0.219,0.023,-0.236,0.113,-0.005,-0.230,-0.091,0.163,0.229,-0.088,0.097,0.214,0.292,0.060,-0.003,0.213,-0.172,[243],98,76,23,3,,57
,[244],-0.171,0.056,-0.053,0.028,0.170,0.309,-0.096,-0.174,0.452,-0.011,-0.366,0.240,0.188,0.150,-0.058,0.286,-0.398,0.089,0.045,0.101,0.443,-0.448,-0.244,0.027,1.000,-0.415,0.320,-0.161,-0.100,-0.333,-0.081,0.717,-0.199,0.613,0.006,-0.346,-0.091,-0.392,0.202,-0.040,-0.304,0.127,0.415,-0.179,-0.090,0.041,-0.096,-0.331,-0.281,0.456,-0.235,0.062,0.103,-0.066,0.497,-0.066,0.014,-0.170,-0.225,-0.084,-0.066,-0.126,-0.038,-0.426,0.057,-0.073,0.146,-0.113,0.118,0.301,0.143,0.048,0.256,0.096,0.050,0.352,0.176,0.090,-0.393,0.151,0.020,0.154,-0.139,-0.165,0.331,-0.660,0.462,-0.139,0.278,0.221,0.149,0.180,0.192,0.039,-0.002,-0.083,-0.293,0.179,0.187,0.154,-0.028,-0.387,-0.144,-0.282,-0.186,0.178,0.363,-0.081,0.260,0.387,-0.054,-0.024,-0.247,-0.235,-0.364,0.170,0.192,-0.039,0.295,-0.163,-0.315,-0.017,-0.313,-0.160,0.032,-0.506,-0.265,0.164,0.177,0.370,-0.453,-0.511,-0.118,-0.285,0.340,-0.256,0.113,0.083,-0.048,-0.087,0.100,0.020,-0.115,-0.480,0.532,0.214,-0.003,0.083,-0.153,-0.085,-0.023,0.181,0.006,0.048,0.110,0.041,0.025,0.235,-0.183,0.475,0.289,-0.030,0.109,0.297,0.152,-0.301,0.324,-0.410,-0.596,0.083,0.479,0.075,-0.072,-0.224,-0.347,0.219,-0.306,0.135,-0.150,0.299,-0.194,0.107,0.364,0.420,-0.575,0.495,0.088,0.468,0.521,0.126,-0.364,-0.155,0.147,0.478,-0.430,0.088,-0.042,0.175,-0.530,0.503,[244],116,53,29,2,,61
,[245],0.130,0.261,-0.020,0.139,-0.090,-0.140,0.124,0.548,0.040,-0.251,-0.050,-0.048,-0.256,0.192,-0.177,0.164,0.207,-0.431,0.037,0.351,-0.065,0.525,-0.130,0.324,-0.415,1.000,-0.220,-0.398,-0.172,-0.030,0.194,-0.327,0.891,-0.153,-0.157,-0.251,0.042,-0.041,-0.011,0.089,0.647,0.555,-0.460,0.053,-0.006,-0.040,0.186,-0.061,0.303,-0.329,0.075,-0.120,-0.035,-0.029,-0.289,-0.472,-0.250,0.309,0.153,0.090,0.055,-0.127,0.182,0.349,-0.013,-0.142,-0.010,0.455,0.245,-0.120,0.238,-0.416,-0.116,-0.012,-0.212,-0.015,0.133,0.226,0.466,0.215,-0.130,-0.116,0.235,0.158,-0.145,0.483,0.121,0.396,0.369,-0.407,0.086,0.084,0.245,0.165,-0.209,-0.082,-0.246,-0.098,-0.012,-0.103,0.514,0.711,-0.194,0.414,-0.199,0.051,-0.018,0.223,-0.216,0.090,-0.163,-0.389,0.119,0.408,-0.236,-0.081,-0.208,-0.380,0.073,-0.130,0.244,0.065,-0.181,0.027,0.282,0.357,0.311,-0.232,0.204,-0.123,0.303,0.388,-0.360,0.062,0.116,0.348,-0.214,-0.005,-0.142,-0.079,0.172,-0.026,-0.400,0.194,-0.670,0.044,-0.181,0.225,0.608,0.526,-0.106,0.018,0.091,0.215,-0.162,0.126,0.207,0.299,-0.162,-0.379,0.389,0.188,-0.010,-0.127,-0.572,0.356,-0.113,0.209,0.245,-0.678,-0.596,-0.358,-0.011,0.578,0.118,-0.051,0.180,0.254,-0.213,-0.613,0.779,-0.767,-0.837,-0.446,0.570,-0.830,-0.034,-0.541,-0.553,0.243,0.731,-0.111,-0.609,-0.314,0.573,0.125,-0.003,-0.061,0.815,-0.604,[245],101,59,31,9,,50
,[246],-0.020,0.027,0.326,0.007,-0.025,0.015,-0.004,-0.335,0.113,0.041,0.098,0.299,-0.157,0.217,0.066,-0.111,-0.651,0.430,0.132,0.170,0.466,-0.336,-0.234,0.285,0.320,-0.220,1.000,0.310,-0.095,-0.084,0.048,0.339,-0.187,0.370,0.061,-0.175,0.208,0.040,-0.054,0.015,0.100,0.079,0.522,-0.018,0.225,-0.120,-0.001,0.273,0.173,0.526,-0.079,0.011,-0.158,-0.151,0.010,0.182,0.291,-0.269,0.179,0.085,0.013,-0.070,-0.226,-0.229,-0.192,0.031,0.124,-0.003,-0.137,0.229,-0.201,-0.032,0.137,-0.127,0.232,0.130,-0.234,0.252,-0.230,-0.145,0.144,0.126,0.395,0.122,0.200,-0.271,0.137,0.094,-0.231,-0.249,-0.089,-0.039,0.034,0.010,0.012,0.072,-0.128,0.346,0.143,0.266,-0.176,-0.161,-0.289,-0.587,-0.059,0.143,0.654,0.114,0.259,0.060,-0.043,-0.151,-0.675,-0.476,-0.096,0.228,0.429,-0.025,-0.049,-0.545,-0.744,-0.250,-0.137,-0.400,-0.000,-0.265,-0.144,0.247,0.004,-0.061,-0.710,-0.720,0.262,-0.127,0.515,-0.340,0.222,0.085,0.051,-0.016,0.115,-0.202,-0.142,-0.696,0.302,-0.167,0.076,0.164,-0.191,-0.184,-0.054,0.262,-0.190,0.195,-0.058,-0.039,0.142,-0.162,-0.159,0.257,-0.258,-0.205,-0.132,0.035,0.043,-0.330,0.373,0.271,-0.082,0.154,0.289,-0.057,0.061,-0.229,-0.163,0.302,-0.416,0.011,0.093,0.228,-0.231,0.184,0.167,0.063,-0.386,0.517,-0.044,0.151,0.198,-0.075,-0.129,0.098,0.157,0.425,-0.517,0.078,-0.082,-0.103,-0.399,0.410,[246],121,56,19,4,,65
,[247],0.178,-0.191,0.015,-0.016,-0.085,-0.317,0.343,-0.359,-0.525,0.337,0.180,-0.007,-0.174,-0.412,-0.032,-0.439,-0.331,0.622,0.123,-0.482,-0.228,-0.106,0.176,-0.428,-0.161,-0.398,0.310,1.000,0.322,0.359,-0.395,-0.105,-0.317,-0.055,0.353,0.211,-0.008,0.356,-0.366,-0.186,-0.014,-0.164,0.317,0.104,0.140,0.143,0.101,0.219,0.112,-0.063,0.196,0.000,0.013,-0.294,-0.109,0.138,0.064,-0.257,0.091,-0.007,-0.115,-0.111,-0.161,0.141,-0.096,0.062,-0.257,-0.114,-0.134,-0.085,-0.267,0.144,0.225,-0.216,0.059,-0.187,-0.271,-0.027,0.144,-0.194,0.119,-0.047,0.108,0.423,-0.141,0.297,-0.123,-0.044,-0.651,0.204,-0.224,0.049,-0.394,0.089,0.070,0.252,0.367,-0.017,-0.365,0.064,-0.193,-0.051,0.422,-0.408,0.373,-0.388,-0.061,0.302,0.126,-0.405,0.118,0.210,-0.206,-0.344,0.608,-0.009,0.437,0.188,-0.204,0.268,-0.264,-0.356,0.335,-0.023,-0.119,0.329,-0.355,0.195,-0.424,-0.124,-0.012,-0.434,0.431,0.078,0.044,0.139,0.068,0.039,0.149,0.002,-0.158,-0.099,0.330,-0.076,-0.064,-0.359,-0.049,-0.026,-0.372,-0.212,0.200,0.080,-0.215,-0.036,0.193,-0.281,-0.109,-0.304,0.417,-0.150,-0.638,0.097,-0.310,-0.214,0.250,-0.276,-0.237,0.211,0.354,0.454,0.221,0.124,0.093,-0.289,0.359,-0.233,0.078,-0.261,0.402,0.103,-0.382,0.460,0.239,-0.170,0.058,0.385,-0.383,0.053,0.012,-0.372,-0.260,0.208,0.469,-0.145,-0.265,-0.170,-0.244,-0.364,-0.291,0.182,[247],101,76,22,1,,49
,[262],-0.044,0.093,-0.395,0.092,-0.236,-0.044,0.173,-0.207,-0.244,0.008,-0.078,0.225,0.180,-0.535,0.229,0.078,-0.124,-0.154,0.278,-0.193,-0.284,0.043,0.006,-0.209,-0.100,-0.172,-0.095,0.322,1.000,0.157,-0.246,0.218,-0.005,0.042,-0.038,0.099,0.065,0.085,-0.194,0.452,-0.107,0.061,0.018,0.221,0.088,0.045,0.160,-0.112,0.019,0.056,0.111,-0.016,-0.058,0.206,-0.335,-0.085,0.011,0.047,0.082,0.140,-0.208,0.114,-0.058,-0.013,-0.055,-0.119,-0.465,0.171,0.252,0.098,-0.055,0.204,0.017,0.052,-0.107,0.006,0.036,0.101,0.112,-0.054,-0.004,-0.206,0.024,0.136,-0.152,0.280,-0.107,-0.265,-0.048,0.528,0.259,0.154,0.029,-0.055,0.084,-0.068,0.472,-0.279,-0.066,-0.165,0.085,-0.006,0.327,0.227,0.074,-0.014,-0.054,0.351,-0.391,-0.479,-0.026,-0.090,-0.023,0.093,0.196,0.346,0.039,0.586,-0.063,0.091,0.128,0.028,0.045,0.211,-0.465,0.268,-0.386,0.403,-0.080,-0.045,-0.162,-0.024,-0.040,-0.111,-0.225,0.221,-0.003,0.073,0.102,-0.051,-0.292,-0.044,-0.013,-0.062,0.002,0.021,-0.065,-0.332,-0.252,0.019,0.134,-0.328,0.083,-0.197,0.222,0.285,0.025,0.043,0.082,-0.112,-0.032,-0.151,-0.105,0.239,0.195,-0.114,-0.613,0.043,-0.031,0.139,0.109,-0.199,-0.178,-0.055,0.251,-0.280,0.373,0.115,0.054,-0.084,0.013,0.155,0.179,0.051,0.030,0.043,-0.175,0.248,0.061,-0.095,-0.163,-0.055,0.280,-0.191,0.000,-0.013,0.113,-0.253,-0.105,0.006,[262],143,46,10,1,,95
