


,,[3],[34],[89],[93],[98],[113],[126],[143],[155],[163],[183],[187],[188],[209],[219],[226],[243],[275],[290],[295],[307],[313],[316],[345],[348],[357],[371],[376],[377],[382],[388],[389],[421],[434],[453],[461],[469],[483],[484],[501],[509],[516],[517],[532],[533],[548],[549],[561],[564],[581],[583],[595],[610],[613],[642],[643],[644],[645],[646],[648],[670],[674],[675],[689],[709],[721],[736],[737],[753],[768],[786],[815],[930],[958],[1022],,0~0.2,0.2~0.4,0.4~0.7,0.7~1,,0~0.1
,[3],1.000,-0.411,0.224,-0.107,-0.520,-0.547,0.115,0.063,-0.243,0.588,-0.028,0.367,-0.403,-0.480,0.380,-0.059,0.464,0.405,0.528,-0.029,0.394,-0.417,-0.032,-0.152,-0.322,-0.046,0.553,-0.212,0.560,-0.282,0.054,0.173,-0.185,0.110,-0.247,-0.255,0.470,0.477,0.143,0.331,0.112,0.028,-0.167,-0.572,-0.260,0.292,0.062,0.038,-0.397,0.195,0.470,-0.432,0.240,0.438,0.089,-0.640,-0.494,0.659,-0.106,-0.234,0.295,0.325,-0.236,0.025,0.266,-0.333,-0.123,-0.016,0.119,-0.172,0.460,-0.147,0.435,0.054,-0.132,[3],30,21,23,1,,14
,[34],-0.411,1.000,-0.114,0.089,0.663,0.313,0.176,-0.392,0.213,-0.371,-0.086,-0.195,0.183,0.197,-0.537,0.247,-0.391,-0.364,-0.340,0.022,-0.563,0.097,-0.375,0.090,0.428,0.207,-0.654,0.333,-0.536,0.273,-0.260,-0.403,0.295,-0.180,0.140,-0.166,-0.565,-0.397,-0.211,-0.332,0.322,-0.260,0.264,0.509,0.451,-0.342,-0.090,-0.213,0.347,-0.157,-0.384,0.619,-0.144,-0.293,-0.007,0.576,0.180,-0.327,0.189,0.136,0.048,-0.032,0.296,0.525,-0.357,0.304,0.001,0.011,0.217,0.234,-0.582,-0.368,0.022,-0.271,-0.076,[34],26,33,15,1,,13
,[89],0.224,-0.114,1.000,0.183,-0.127,-0.121,-0.367,-0.019,-0.119,0.302,0.272,-0.494,0.124,-0.359,0.167,0.196,-0.238,-0.270,0.249,0.278,-0.042,-0.486,-0.096,-0.176,-0.070,-0.078,0.199,0.132,0.319,0.252,0.345,0.044,-0.070,-0.346,0.155,-0.127,0.343,0.295,-0.003,0.513,0.303,0.050,-0.020,-0.260,-0.204,0.186,0.099,-0.358,0.178,0.058,0.292,0.035,0.018,0.159,-0.000,-0.180,-0.036,0.291,0.059,-0.011,0.191,0.173,0.052,0.151,-0.056,-0.159,-0.175,-0.006,0.316,0.100,0.054,-0.025,0.077,-0.107,-0.152,[89],49,22,3,1,,24
,[93],-0.107,0.089,0.183,1.000,0.138,-0.063,-0.188,0.141,-0.115,-0.018,-0.072,0.068,0.039,0.144,-0.201,0.094,-0.000,-0.044,0.047,0.013,-0.016,0.018,0.032,0.200,0.211,-0.046,-0.114,-0.145,0.090,-0.148,0.056,0.273,-0.048,0.085,-0.087,0.198,0.024,0.196,0.214,0.131,-0.247,-0.019,0.161,-0.058,-0.133,0.064,0.220,0.146,-0.150,0.134,0.128,-0.028,0.074,-0.075,-0.149,0.098,-0.060,-0.007,-0.137,-0.022,0.131,-0.070,-0.061,-0.035,-0.203,0.082,-0.119,-0.030,0.243,0.017,0.014,0.087,0.086,-0.015,0.177,[93],65,9,0,1,,41
,[98],-0.520,0.663,-0.127,0.138,1.000,0.277,0.003,-0.349,0.231,-0.440,0.003,-0.132,0.288,0.276,-0.645,0.098,-0.404,-0.406,-0.250,0.060,-0.405,0.276,-0.297,0.159,0.362,0.231,-0.692,0.276,-0.414,0.333,-0.386,-0.287,0.201,-0.100,-0.002,0.019,-0.548,-0.318,-0.105,-0.376,0.084,-0.149,0.277,0.431,0.313,-0.334,-0.093,-0.037,0.354,-0.218,-0.237,0.529,-0.203,-0.247,-0.075,0.568,0.072,-0.331,0.190,0.060,0.011,-0.101,0.135,0.297,-0.385,0.311,-0.032,0.054,0.091,0.161,-0.656,-0.047,-0.211,-0.104,0.012,[98],30,30,14,1,,19
,[113],-0.547,0.313,-0.121,-0.063,0.277,1.000,0.140,0.220,0.200,-0.476,0.042,-0.338,0.143,0.469,-0.237,-0.201,-0.225,-0.194,-0.264,0.068,-0.215,0.450,0.271,0.199,0.220,0.082,-0.255,-0.071,-0.610,0.432,-0.068,-0.324,0.329,-0.093,0.142,0.360,-0.329,-0.410,-0.055,-0.154,-0.004,0.237,-0.015,0.174,-0.054,-0.297,-0.159,-0.276,0.080,-0.024,-0.406,0.082,0.009,-0.441,0.091,0.301,0.550,-0.569,0.169,0.372,-0.479,-0.318,-0.075,-0.057,-0.060,0.310,0.022,0.009,-0.280,0.005,-0.180,0.129,-0.599,0.121,0.188,[113],36,25,13,1,,22
,[126],0.115,0.176,-0.367,-0.188,0.003,0.140,1.000,0.062,-0.085,-0.064,0.028,0.118,-0.298,0.074,0.016,-0.059,0.159,0.305,-0.105,-0.108,0.219,0.080,-0.164,0.084,-0.200,-0.193,-0.034,0.001,0.033,-0.234,-0.281,-0.173,0.005,0.213,-0.015,-0.089,-0.083,-0.174,-0.006,-0.185,-0.038,-0.020,-0.217,0.033,0.104,0.012,-0.173,0.105,-0.108,-0.014,0.026,-0.008,-0.106,0.095,0.041,-0.147,-0.103,-0.031,0.162,0.039,0.039,0.225,-0.135,0.003,0.094,0.072,-0.007,0.008,-0.063,-0.136,0.159,-0.226,0.274,-0.137,-0.153,[126],62,12,0,1,,36
,[143],0.063,-0.392,-0.019,0.141,-0.349,0.220,0.062,1.000,-0.290,-0.018,0.070,0.082,-0.125,0.343,0.085,-0.274,0.227,0.251,-0.079,-0.033,0.355,0.246,0.392,0.116,-0.261,-0.234,0.320,-0.504,0.012,-0.087,0.186,0.296,0.012,0.267,-0.068,0.597,0.126,0.162,0.362,0.030,-0.408,0.349,-0.299,-0.286,-0.255,-0.087,0.091,0.151,-0.298,0.127,0.095,-0.525,0.308,-0.033,0.063,-0.195,0.247,-0.188,-0.169,0.191,-0.409,-0.206,-0.212,-0.419,0.089,0.062,0.036,0.023,-0.479,-0.062,0.378,0.332,-0.362,0.119,0.341,[143],37,30,7,1,,24
,[155],-0.243,0.213,-0.119,-0.115,0.231,0.200,-0.085,-0.290,1.000,-0.523,0.434,-0.142,0.523,0.165,0.195,0.103,0.146,0.051,-0.032,-0.072,-0.199,-0.003,-0.062,0.108,0.092,0.105,-0.195,0.314,-0.272,0.250,-0.159,-0.133,0.329,0.010,0.072,-0.109,-0.042,-0.225,-0.241,-0.312,0.216,-0.146,0.315,0.456,-0.025,-0.059,0.006,0.060,0.384,-0.031,-0.289,0.496,-0.534,-0.270,-0.075,0.174,0.161,-0.328,0.067,0.267,0.045,-0.147,0.046,0.085,-0.096,0.064,-0.080,-0.067,-0.060,0.113,-0.127,-0.256,0.088,-0.225,-0.239,[155],46,22,6,1,,26
,[163],0.588,-0.371,0.302,-0.018,-0.440,-0.476,-0.064,-0.018,-0.523,1.000,-0.161,0.279,-0.359,-0.689,0.306,-0.020,0.291,0.283,0.368,0.008,0.341,-0.380,0.074,-0.444,-0.229,0.099,0.515,-0.321,0.694,-0.207,0.402,0.240,-0.418,0.035,-0.203,-0.257,0.437,0.551,0.334,0.517,0.029,0.091,-0.140,-0.706,-0.204,0.286,0.073,-0.020,-0.530,0.090,0.573,-0.577,0.464,0.530,0.029,-0.621,-0.441,0.719,-0.031,-0.535,0.246,0.189,-0.083,-0.021,0.307,-0.400,-0.080,-0.107,0.282,-0.164,0.408,0.065,0.339,0.293,0.039,[163],25,25,22,3,,20
,[183],-0.028,-0.086,0.272,-0.072,0.003,0.042,0.028,0.070,0.434,-0.161,1.000,-0.287,0.367,-0.041,0.221,0.036,0.023,0.120,0.149,-0.093,0.037,-0.025,-0.057,0.031,-0.237,-0.127,0.148,0.188,0.138,0.102,0.213,0.159,0.041,0.012,0.102,0.234,0.101,0.063,0.046,-0.142,0.020,0.045,-0.081,0.082,-0.325,0.071,0.048,-0.043,0.238,0.059,0.144,0.113,-0.357,-0.098,-0.044,-0.040,0.028,-0.055,0.287,0.142,-0.123,0.043,0.041,-0.275,-0.123,0.022,0.003,-0.011,-0.178,0.092,0.050,-0.023,0.153,-0.106,-0.075,[183],61,12,1,1,,41
,[187],0.367,-0.195,-0.494,0.068,-0.132,-0.338,0.118,0.082,-0.142,0.279,-0.287,1.000,-0.222,-0.093,0.020,-0.410,0.586,0.501,0.235,-0.186,0.251,0.154,-0.025,0.002,0.045,0.242,0.214,-0.371,0.295,-0.411,-0.140,0.280,-0.237,0.384,-0.348,-0.061,0.051,0.294,0.299,-0.108,-0.438,0.057,0.123,-0.257,-0.044,0.187,0.154,0.507,-0.515,0.155,0.144,-0.427,0.257,0.153,0.006,-0.226,-0.404,0.314,-0.170,-0.296,0.067,-0.103,-0.133,-0.182,0.089,-0.330,-0.014,-0.052,-0.089,-0.148,0.081,0.115,0.097,0.304,0.089,[187],40,24,10,1,,20
,[188],-0.403,0.183,0.124,0.039,0.288,0.143,-0.298,-0.125,0.523,-0.359,0.367,-0.222,1.000,0.130,-0.074,0.336,-0.290,-0.241,-0.278,0.016,-0.124,0.010,-0.202,0.045,0.163,0.162,-0.277,0.408,-0.249,0.426,-0.155,0.129,0.104,-0.215,0.308,0.033,-0.087,-0.063,-0.207,-0.242,0.177,-0.156,0.025,0.428,0.126,-0.187,-0.070,-0.107,0.392,0.041,-0.359,0.403,-0.263,-0.217,-0.120,0.312,0.223,-0.293,0.190,0.135,0.024,-0.217,0.244,0.164,-0.201,-0.205,-0.120,-0.121,-0.057,0.254,-0.213,-0.108,-0.101,-0.249,-0.069,[188],38,30,6,1,,14
,[209],-0.480,0.197,-0.359,0.144,0.276,0.469,0.074,0.343,0.165,-0.689,-0.041,-0.093,0.130,1.000,-0.337,0.048,-0.302,-0.300,-0.420,0.098,-0.281,0.490,0.324,0.576,0.323,0.013,-0.336,-0.054,-0.658,0.189,-0.291,-0.016,0.259,0.019,0.164,0.612,-0.404,-0.329,-0.153,-0.282,-0.247,0.058,0.076,0.354,0.045,-0.386,-0.008,-0.081,0.200,-0.007,-0.370,0.184,-0.038,-0.386,0.019,0.500,0.503,-0.639,0.095,0.410,-0.587,-0.350,0.011,-0.070,-0.413,0.563,0.111,0.124,-0.507,0.061,-0.369,0.147,-0.479,-0.053,0.337,[209],33,23,18,1,,22
,[219],0.380,-0.537,0.167,-0.201,-0.645,-0.237,0.016,0.085,0.195,0.306,0.221,0.020,-0.074,-0.337,1.000,-0.096,0.405,0.386,0.275,-0.053,0.346,-0.406,0.299,-0.277,-0.461,-0.197,0.536,0.020,0.393,-0.143,0.391,0.191,-0.146,0.147,-0.017,-0.170,0.559,0.233,-0.044,0.312,0.156,0.059,-0.074,-0.295,-0.386,0.351,-0.012,0.059,-0.117,0.096,0.362,-0.170,-0.104,0.237,0.022,-0.566,-0.121,0.314,0.018,-0.182,0.204,0.087,-0.081,-0.221,0.284,-0.264,-0.117,-0.157,-0.119,-0.044,0.474,-0.007,0.359,-0.093,-0.314,[219],38,27,9,1,,21
,[226],-0.059,0.247,0.196,0.094,0.098,-0.201,-0.059,-0.274,0.103,-0.020,0.036,-0.410,0.336,0.048,-0.096,1.000,-0.451,-0.431,-0.307,0.067,-0.350,-0.205,-0.117,-0.046,0.184,0.095,-0.204,0.171,-0.048,0.174,-0.232,0.068,0.137,-0.349,0.187,-0.140,-0.092,0.079,-0.520,0.110,0.349,-0.360,0.124,0.303,0.235,-0.155,0.102,-0.381,0.168,0.007,-0.054,0.365,0.002,0.051,0.080,0.257,0.068,-0.050,0.253,0.033,0.034,0.127,0.216,0.378,-0.312,0.054,0.002,0.041,0.253,0.018,-0.096,-0.302,0.303,-0.364,0.134,[226],45,25,4,1,,29
,[243],0.464,-0.391,-0.238,-0.000,-0.404,-0.225,0.159,0.227,0.146,0.291,0.023,0.586,-0.290,-0.302,0.405,-0.451,1.000,0.869,0.324,-0.200,0.496,-0.127,0.086,-0.230,-0.300,-0.109,0.537,-0.454,0.434,-0.385,0.217,0.192,0.018,0.539,-0.325,-0.198,0.401,0.395,0.477,0.037,-0.208,0.190,0.002,-0.359,-0.187,0.312,0.213,0.687,-0.510,0.133,0.260,-0.451,0.108,0.206,-0.011,-0.630,-0.335,0.273,-0.434,-0.121,0.208,0.059,-0.233,-0.240,0.460,-0.268,-0.138,-0.165,-0.094,-0.131,0.615,0.040,0.307,0.109,-0.134,[243],27,27,19,2,,10
,[275],0.405,-0.364,-0.270,-0.044,-0.406,-0.194,0.305,0.251,0.051,0.283,0.120,0.501,-0.241,-0.300,0.386,-0.431,0.869,1.000,0.301,-0.114,0.677,-0.046,0.059,-0.241,-0.546,-0.177,0.575,-0.387,0.379,-0.331,0.148,0.015,-0.192,0.719,-0.021,-0.113,0.323,0.368,0.455,-0.023,-0.133,0.273,-0.349,-0.369,-0.282,0.230,-0.040,0.650,-0.478,0.075,0.240,-0.475,0.096,0.225,-0.028,-0.666,-0.289,0.254,-0.291,-0.145,0.302,0.109,-0.184,-0.260,0.394,-0.273,-0.061,-0.091,-0.128,-0.039,0.611,-0.012,0.283,0.043,-0.118,[275],29,30,13,3,,16
,[290],0.528,-0.340,0.249,0.047,-0.250,-0.264,-0.105,-0.079,-0.032,0.368,0.149,0.235,-0.278,-0.420,0.275,-0.307,0.324,0.301,1.000,0.022,0.379,-0.003,0.074,-0.268,-0.279,0.232,0.393,-0.311,0.479,-0.246,0.111,-0.046,-0.419,0.131,-0.137,-0.112,0.206,0.328,0.201,0.224,-0.148,0.260,-0.031,-0.536,-0.425,0.366,-0.011,0.057,-0.312,0.167,0.455,-0.422,0.063,0.158,-0.082,-0.447,-0.411,0.526,0.010,-0.335,0.201,0.130,-0.219,-0.361,0.203,-0.251,-0.122,-0.046,0.188,-0.071,0.320,0.225,0.093,0.386,-0.005,[290],29,34,11,1,,17
,[295],-0.029,0.022,0.278,0.013,0.060,0.068,-0.108,-0.033,-0.072,0.008,-0.093,-0.186,0.016,0.098,-0.053,0.067,-0.200,-0.114,0.022,1.000,0.096,-0.020,0.047,-0.109,0.011,0.048,0.197,-0.027,-0.048,0.110,-0.002,-0.127,-0.287,0.109,0.547,0.047,0.082,-0.075,-0.068,0.206,0.021,0.423,-0.070,-0.190,-0.017,0.063,0.032,-0.168,0.139,-0.174,0.003,0.067,-0.067,0.069,0.177,-0.036,0.130,0.007,-0.019,-0.096,0.012,-0.180,0.071,0.193,-0.301,0.110,-0.294,0.175,-0.002,0.275,-0.060,-0.032,-0.279,-0.095,0.123,[295],65,7,2,1,,45
,[307],0.394,-0.563,-0.042,-0.016,-0.405,-0.215,0.219,0.355,-0.199,0.341,0.037,0.251,-0.124,-0.281,0.346,-0.350,0.496,0.677,0.379,0.096,1.000,-0.066,0.066,-0.238,-0.649,-0.135,0.502,-0.258,0.451,-0.352,0.183,0.133,-0.450,0.484,0.058,-0.063,0.412,0.422,0.510,0.033,-0.177,0.337,-0.646,-0.432,-0.172,0.318,-0.335,0.376,-0.293,0.067,0.240,-0.560,0.109,0.291,-0.114,-0.710,-0.250,0.297,-0.146,-0.213,0.392,0.056,-0.217,-0.272,0.526,-0.325,-0.093,0.012,-0.045,-0.075,0.671,0.153,0.107,0.095,-0.186,[307],29,27,17,2,,16
,[313],-0.417,0.097,-0.486,0.018,0.276,0.450,0.080,0.246,-0.003,-0.380,-0.025,0.154,0.010,0.490,-0.406,-0.205,-0.127,-0.046,-0.003,-0.020,-0.066,1.000,0.346,0.216,0.095,0.164,-0.089,-0.371,-0.310,0.001,-0.256,-0.103,-0.072,0.211,0.033,0.499,-0.447,-0.176,0.049,-0.252,-0.492,0.252,0.004,0.105,-0.064,-0.145,-0.127,0.079,-0.228,0.033,-0.174,-0.223,0.176,-0.341,0.029,0.339,0.199,-0.332,0.046,-0.002,-0.481,-0.415,-0.073,-0.409,-0.200,0.188,0.300,0.213,-0.310,-0.099,-0.209,0.483,-0.652,0.371,0.533,[313],37,23,14,1,,25
,[316],-0.032,-0.375,-0.096,0.032,-0.297,0.271,-0.164,0.392,-0.062,0.074,-0.057,-0.025,-0.202,0.324,0.299,-0.117,0.086,0.059,0.074,0.047,0.066,0.346,1.000,0.101,0.004,0.066,0.317,-0.515,-0.098,0.213,0.221,0.116,-0.058,0.153,-0.058,0.494,0.054,0.159,0.135,0.213,-0.087,0.305,0.023,-0.325,-0.381,-0.052,-0.111,-0.079,-0.353,0.006,0.261,-0.415,0.412,-0.106,0.140,-0.177,0.166,-0.007,0.104,-0.063,-0.485,-0.308,-0.245,-0.404,-0.004,0.384,0.030,-0.022,-0.337,-0.107,0.127,0.395,-0.369,0.240,0.399,[316],43,25,6,1,,28
,[345],-0.152,0.090,-0.176,0.200,0.159,0.199,0.084,0.116,0.108,-0.444,0.031,0.002,0.045,0.576,-0.277,-0.046,-0.230,-0.241,-0.268,-0.109,-0.238,0.216,0.101,1.000,0.292,-0.093,-0.223,0.205,-0.411,0.024,-0.289,0.094,0.224,-0.135,0.016,0.396,-0.215,-0.270,-0.174,-0.329,-0.179,-0.095,0.009,0.219,-0.127,-0.217,0.016,-0.036,0.129,0.162,-0.340,0.163,-0.246,-0.293,-0.078,0.399,0.244,-0.384,0.051,0.564,-0.298,-0.115,-0.301,-0.064,-0.386,0.342,0.020,0.220,-0.253,-0.045,-0.331,0.060,-0.274,0.049,0.063,[345],38,32,4,1,,22
,[348],-0.322,0.428,-0.070,0.211,0.362,0.220,-0.200,-0.261,0.092,-0.229,-0.237,0.045,0.163,0.323,-0.461,0.184,-0.300,-0.546,-0.279,0.011,-0.649,0.095,0.004,0.292,1.000,0.338,-0.374,0.062,-0.322,0.176,-0.091,0.096,0.268,-0.398,-0.157,0.009,-0.251,-0.169,-0.129,0.013,-0.056,-0.212,0.568,0.324,0.356,-0.139,0.234,-0.227,0.101,-0.018,-0.219,0.322,0.098,-0.300,0.117,0.498,0.237,-0.172,0.051,0.155,-0.284,-0.077,0.147,0.237,-0.337,0.244,-0.101,-0.172,0.138,0.063,-0.478,0.014,-0.155,0.108,0.042,[348],36,31,7,1,,19
,[357],-0.046,0.207,-0.078,-0.046,0.231,0.082,-0.193,-0.234,0.105,0.099,-0.127,0.242,0.162,0.013,-0.197,0.095,-0.109,-0.177,0.232,0.048,-0.135,0.164,0.066,-0.093,0.338,1.000,-0.202,-0.148,-0.082,0.144,-0.184,-0.066,-0.219,-0.145,-0.020,-0.152,-0.385,0.174,0.017,-0.146,0.111,-0.137,0.172,0.046,0.006,-0.001,-0.011,-0.264,-0.163,0.167,0.025,-0.046,0.271,-0.132,0.061,0.146,-0.015,0.198,0.406,-0.070,-0.171,-0.015,0.021,0.090,-0.126,0.045,-0.132,-0.099,0.069,-0.039,-0.311,0.064,-0.102,0.127,0.219,[357],60,13,1,1,,31
,[371],0.553,-0.654,0.199,-0.114,-0.692,-0.255,-0.034,0.320,-0.195,0.515,0.148,0.214,-0.277,-0.336,0.536,-0.204,0.537,0.575,0.393,0.197,0.502,-0.089,0.317,-0.223,-0.374,-0.202,1.000,-0.459,0.583,-0.221,0.412,0.172,-0.278,0.332,0.101,0.048,0.629,0.532,0.229,0.512,-0.149,0.441,-0.319,-0.639,-0.480,0.419,0.113,0.146,-0.513,0.195,0.499,-0.597,0.276,0.298,0.152,-0.695,-0.221,0.465,-0.294,-0.264,0.053,0.123,-0.153,-0.406,0.167,-0.337,-0.012,0.023,-0.129,-0.062,0.593,0.216,0.083,0.299,0.071,[371],25,24,25,1,,9
,[376],-0.212,0.333,0.132,-0.145,0.276,-0.071,0.001,-0.504,0.314,-0.321,0.188,-0.371,0.408,-0.054,0.020,0.171,-0.454,-0.387,-0.311,-0.027,-0.258,-0.371,-0.515,0.205,0.062,-0.148,-0.459,1.000,-0.258,0.232,-0.061,-0.112,0.184,-0.379,0.258,-0.301,-0.033,-0.420,-0.396,-0.215,0.415,-0.478,-0.009,0.467,0.251,-0.069,-0.133,-0.273,0.713,-0.092,-0.361,0.727,-0.653,-0.158,-0.177,0.344,0.111,-0.118,0.206,0.202,0.304,0.098,0.272,0.424,-0.120,-0.017,-0.019,0.031,0.151,0.246,-0.428,-0.437,0.212,-0.346,-0.535,[376],29,29,14,3,,15
,[377],0.560,-0.536,0.319,0.090,-0.414,-0.610,0.033,0.012,-0.272,0.694,0.138,0.295,-0.249,-0.658,0.393,-0.048,0.434,0.379,0.479,-0.048,0.451,-0.310,-0.098,-0.411,-0.322,-0.082,0.583,-0.258,1.000,-0.492,0.352,0.341,-0.470,0.115,-0.277,-0.333,0.507,0.645,0.325,0.379,-0.251,0.026,-0.018,-0.516,-0.161,0.562,0.208,0.251,-0.401,0.145,0.675,-0.429,0.119,0.375,-0.047,-0.571,-0.625,0.718,-0.141,-0.516,0.378,0.277,-0.117,-0.263,0.315,-0.529,-0.136,-0.079,0.379,-0.175,0.484,0.202,0.462,0.215,-0.134,[377],21,26,26,2,,11
,[382],-0.282,0.273,0.252,-0.148,0.333,0.432,-0.234,-0.087,0.250,-0.207,0.102,-0.411,0.426,0.189,-0.143,0.174,-0.385,-0.331,-0.246,0.110,-0.352,0.001,0.213,0.024,0.176,0.144,-0.221,0.232,-0.492,1.000,-0.106,-0.221,0.338,-0.247,0.284,0.177,-0.072,-0.204,-0.318,0.121,0.525,0.068,0.055,0.101,-0.097,-0.389,-0.161,-0.451,0.290,-0.100,-0.214,0.285,-0.002,-0.239,0.096,0.201,0.281,-0.259,0.327,0.181,-0.281,-0.212,0.075,0.192,-0.233,0.204,0.058,0.008,-0.166,0.153,-0.392,-0.248,-0.369,-0.015,0.088,[382],32,36,6,1,,14
,[388],0.054,-0.260,0.345,0.056,-0.386,-0.068,-0.281,0.186,-0.159,0.402,0.213,-0.140,-0.155,-0.291,0.391,-0.232,0.217,0.148,0.111,-0.002,0.183,-0.256,0.221,-0.289,-0.091,-0.184,0.412,-0.061,0.352,-0.106,1.000,0.285,-0.065,-0.055,-0.006,-0.023,0.461,0.315,0.500,0.376,-0.045,0.225,-0.055,-0.277,-0.139,0.310,0.028,-0.010,-0.020,0.080,0.314,-0.210,0.084,0.077,-0.003,-0.355,0.068,0.178,-0.072,-0.207,0.035,-0.080,0.095,-0.188,0.301,-0.054,0.042,-0.067,0.002,0.007,0.280,0.215,0.131,0.195,-0.201,[388],43,27,4,1,,29
,[389],0.173,-0.403,0.044,0.273,-0.287,-0.324,-0.173,0.296,-0.133,0.240,0.159,0.280,0.129,-0.016,0.191,0.068,0.192,0.015,-0.046,-0.127,0.133,-0.103,0.116,0.094,0.096,-0.066,0.172,-0.112,0.341,-0.221,0.285,1.000,-0.056,-0.097,-0.264,0.135,0.399,0.316,0.225,0.122,-0.387,0.046,0.155,-0.138,-0.028,0.183,0.345,0.201,-0.171,0.304,0.198,-0.262,0.056,0.187,-0.014,-0.142,-0.161,0.034,0.051,-0.063,-0.218,-0.235,-0.132,-0.229,0.111,-0.129,0.063,0.061,-0.178,-0.254,0.228,0.194,0.099,0.093,0.128,[389],50,23,1,1,,21
,[421],-0.185,0.295,-0.070,-0.048,0.201,0.329,0.005,0.012,0.329,-0.418,0.041,-0.237,0.104,0.259,-0.146,0.137,0.018,-0.192,-0.419,-0.287,-0.450,-0.072,-0.058,0.224,0.268,-0.219,-0.278,0.184,-0.470,0.338,-0.065,-0.056,1.000,-0.332,-0.262,0.073,-0.033,-0.244,-0.186,-0.163,0.262,-0.214,0.321,0.373,0.190,-0.276,0.178,-0.107,0.165,-0.125,-0.435,0.368,-0.147,-0.203,0.154,0.276,0.327,-0.432,-0.157,0.402,-0.206,-0.184,0.053,0.276,0.028,0.169,0.092,-0.016,-0.151,-0.042,-0.145,-0.284,-0.043,-0.176,-0.136,[421],40,27,7,1,,18
,[434],0.110,-0.180,-0.346,0.085,-0.100,-0.093,0.213,0.267,0.010,0.035,0.012,0.384,-0.215,0.019,0.147,-0.349,0.539,0.719,0.131,0.109,0.484,0.211,0.153,-0.135,-0.398,-0.145,0.332,-0.379,0.115,-0.247,-0.055,-0.097,-0.332,1.000,0.085,0.055,0.051,0.097,0.268,-0.044,-0.211,0.306,-0.283,-0.179,-0.154,0.101,-0.124,0.604,-0.312,0.006,0.131,-0.353,0.113,0.057,-0.074,-0.365,-0.109,0.039,-0.200,-0.087,0.190,0.032,-0.100,-0.208,0.058,-0.033,0.003,0.025,-0.217,0.028,0.374,0.082,0.012,-0.015,0.085,[434],48,22,3,2,,29
,[453],-0.247,0.140,0.155,-0.087,-0.002,0.142,-0.015,-0.068,0.072,-0.203,0.102,-0.348,0.308,0.164,-0.017,0.187,-0.325,-0.021,-0.137,0.547,0.058,0.033,-0.058,0.016,-0.157,-0.020,0.101,0.258,-0.277,0.284,-0.006,-0.264,-0.262,0.085,1.000,0.017,-0.006,-0.164,-0.230,0.080,0.270,0.280,-0.454,0.123,-0.173,-0.125,-0.176,-0.189,0.357,0.097,-0.141,0.268,-0.171,-0.033,-0.040,0.116,0.282,-0.217,0.125,0.138,0.000,0.071,0.185,0.119,-0.360,0.129,0.055,0.207,-0.106,0.277,-0.154,-0.106,-0.143,-0.280,0.039,[453],51,21,2,1,,24
,[461],-0.255,-0.166,-0.127,0.198,0.019,0.360,-0.089,0.597,-0.109,-0.257,0.234,-0.061,0.033,0.612,-0.170,-0.140,-0.198,-0.113,-0.112,0.047,-0.063,0.499,0.494,0.396,0.009,-0.152,0.048,-0.301,-0.333,0.177,-0.023,0.135,0.073,0.055,0.017,1.000,-0.196,-0.112,0.081,-0.089,-0.431,0.317,-0.141,-0.202,-0.406,-0.301,0.042,-0.135,-0.086,0.023,0.001,-0.294,0.111,-0.259,0.026,0.214,0.322,-0.360,0.076,0.122,-0.633,-0.409,-0.186,-0.413,-0.352,0.409,0.088,0.118,-0.560,0.033,-0.120,0.319,-0.543,0.319,0.603,[461],43,18,13,1,,22
,[469],0.470,-0.565,0.343,0.024,-0.548,-0.329,-0.083,0.126,-0.042,0.437,0.101,0.051,-0.087,-0.404,0.559,-0.092,0.401,0.323,0.206,0.082,0.412,-0.447,0.054,-0.215,-0.251,-0.385,0.629,-0.033,0.507,-0.072,0.461,0.399,-0.033,0.051,-0.006,-0.196,1.000,0.315,0.158,0.615,0.084,0.285,-0.140,-0.361,-0.236,0.499,0.042,0.093,-0.135,0.223,0.363,-0.271,0.058,0.376,0.081,-0.627,-0.140,0.320,-0.214,-0.146,0.264,0.056,-0.208,-0.155,0.323,-0.396,0.160,0.200,-0.009,-0.318,0.566,-0.071,0.295,0.059,-0.333,[469],33,25,16,1,,22
,[483],0.477,-0.397,0.295,0.196,-0.318,-0.410,-0.174,0.162,-0.225,0.551,0.063,0.294,-0.063,-0.329,0.233,0.079,0.395,0.368,0.328,-0.075,0.422,-0.176,0.159,-0.270,-0.169,0.174,0.532,-0.420,0.645,-0.204,0.315,0.316,-0.244,0.097,-0.164,-0.112,0.315,1.000,0.421,0.321,-0.072,-0.028,-0.140,-0.459,-0.194,0.388,0.046,0.136,-0.522,0.130,0.539,-0.503,0.440,0.260,0.049,-0.551,-0.394,0.572,-0.090,-0.407,0.246,0.093,-0.035,-0.053,0.241,-0.323,-0.100,-0.110,0.213,-0.128,0.313,0.329,0.268,0.120,0.072,[483],31,27,16,1,,14
,[484],0.143,-0.211,-0.003,0.214,-0.105,-0.055,-0.006,0.362,-0.241,0.334,0.046,0.299,-0.207,-0.153,-0.044,-0.520,0.477,0.455,0.201,-0.068,0.510,0.049,0.135,-0.174,-0.129,0.017,0.229,-0.396,0.325,-0.318,0.500,0.225,-0.186,0.268,-0.230,0.081,0.158,0.421,1.000,-0.003,-0.296,0.292,-0.190,-0.343,-0.034,0.104,-0.088,0.392,-0.314,0.024,0.319,-0.462,0.311,0.178,-0.055,-0.393,-0.155,0.167,-0.186,-0.213,0.114,-0.079,-0.147,-0.120,0.424,0.014,-0.101,-0.111,0.028,-0.077,0.317,0.302,0.052,0.150,-0.072,[484],40,26,8,1,,20
,[501],0.331,-0.332,0.513,0.131,-0.376,-0.154,-0.185,0.030,-0.312,0.517,-0.142,-0.108,-0.242,-0.282,0.312,0.110,0.037,-0.023,0.224,0.206,0.033,-0.252,0.213,-0.329,0.013,-0.146,0.512,-0.215,0.379,0.121,0.376,0.122,-0.163,-0.044,0.080,-0.089,0.615,0.321,-0.003,1.000,0.084,0.244,-0.001,-0.512,-0.257,0.334,0.155,-0.275,-0.263,0.148,0.501,-0.301,0.366,0.305,0.087,-0.469,-0.050,0.342,-0.042,-0.351,0.078,0.076,-0.004,0.000,0.046,-0.214,0.156,0.074,0.125,-0.179,0.270,0.095,0.080,0.205,0.066,[501],38,29,7,1,,23
,[509],0.112,0.322,0.303,-0.247,0.084,-0.004,-0.038,-0.408,0.216,0.029,0.020,-0.438,0.177,-0.247,0.156,0.349,-0.208,-0.133,-0.148,0.021,-0.177,-0.492,-0.087,-0.179,-0.056,0.111,-0.149,0.415,-0.251,0.525,-0.045,-0.387,0.262,-0.211,0.270,-0.431,0.084,-0.072,-0.296,0.084,1.000,-0.216,-0.108,0.236,0.036,-0.135,-0.365,-0.394,0.317,-0.106,-0.047,0.448,0.012,0.120,0.117,-0.076,0.104,0.098,0.264,0.115,0.295,0.324,0.127,0.514,-0.024,0.096,-0.021,-0.044,0.158,0.100,-0.143,-0.590,0.349,-0.538,-0.367,[509],41,23,10,1,,22
,[516],0.028,-0.260,0.050,-0.019,-0.149,0.237,-0.020,0.349,-0.146,0.091,0.045,0.057,-0.156,0.058,0.059,-0.360,0.190,0.273,0.260,0.423,0.337,0.252,0.305,-0.095,-0.212,-0.137,0.441,-0.478,0.026,0.068,0.225,0.046,-0.214,0.306,0.280,0.317,0.285,-0.028,0.292,0.244,-0.216,1.000,-0.218,-0.379,-0.372,-0.053,-0.145,0.114,-0.148,0.178,0.136,-0.393,0.139,0.146,0.089,-0.260,0.136,-0.212,0.023,-0.078,-0.223,-0.253,-0.324,-0.366,-0.064,0.029,0.034,0.255,-0.295,-0.087,0.267,0.153,-0.374,0.323,0.205,[516],36,35,3,1,,22
,[517],-0.167,0.264,-0.020,0.161,0.277,-0.015,-0.217,-0.299,0.315,-0.140,-0.081,0.123,0.025,0.076,-0.074,0.124,0.002,-0.349,-0.031,-0.070,-0.646,0.004,0.023,0.009,0.568,0.172,-0.319,-0.009,-0.018,0.055,-0.055,0.155,0.321,-0.283,-0.454,-0.141,-0.140,-0.140,-0.190,-0.001,-0.108,-0.218,1.000,0.213,0.251,-0.054,0.472,0.032,0.012,-0.211,-0.043,0.344,-0.180,-0.170,0.140,0.323,-0.022,-0.047,0.032,-0.098,-0.183,-0.265,0.126,0.060,-0.187,0.032,-0.203,-0.229,0.199,0.096,-0.310,-0.038,0.024,0.049,0.008,[517],51,19,4,1,,32
,[532],-0.572,0.509,-0.260,-0.058,0.431,0.174,0.033,-0.286,0.456,-0.706,0.082,-0.257,0.428,0.354,-0.295,0.303,-0.359,-0.369,-0.536,-0.190,-0.432,0.105,-0.325,0.219,0.324,0.046,-0.639,0.467,-0.516,0.101,-0.277,-0.138,0.373,-0.179,0.123,-0.202,-0.361,-0.459,-0.343,-0.512,0.236,-0.379,0.213,1.000,0.493,-0.185,-0.198,-0.005,0.593,-0.172,-0.594,0.725,-0.338,-0.234,0.023,0.611,0.307,-0.543,0.088,0.465,0.019,0.075,0.341,0.247,-0.214,0.191,0.223,0.008,0.003,0.061,-0.430,-0.250,0.058,-0.485,-0.307,[532],24,28,20,3,,13
,[533],-0.260,0.451,-0.204,-0.133,0.313,-0.054,0.104,-0.255,-0.025,-0.204,-0.325,-0.044,0.126,0.045,-0.386,0.235,-0.187,-0.282,-0.425,-0.017,-0.172,-0.064,-0.381,-0.127,0.356,0.006,-0.480,0.251,-0.161,-0.097,-0.139,-0.028,0.190,-0.154,-0.173,-0.406,-0.236,-0.194,-0.034,-0.257,0.036,-0.372,0.251,0.493,1.000,-0.051,-0.004,0.107,0.240,-0.369,-0.404,0.371,-0.049,-0.139,0.003,0.281,0.058,-0.144,-0.114,0.027,0.211,-0.080,0.361,0.452,0.146,-0.028,-0.022,-0.087,0.315,0.148,-0.149,-0.187,0.059,-0.249,-0.321,[533],42,25,7,1,,22
,[548],0.292,-0.342,0.186,0.064,-0.334,-0.297,0.012,-0.087,-0.059,0.286,0.071,0.187,-0.187,-0.386,0.351,-0.155,0.312,0.230,0.366,0.063,0.318,-0.145,-0.052,-0.217,-0.139,-0.001,0.419,-0.069,0.562,-0.389,0.310,0.183,-0.276,0.101,-0.125,-0.301,0.499,0.388,0.104,0.334,-0.135,-0.053,-0.054,-0.185,-0.051,1.000,0.042,0.141,-0.207,0.128,0.397,-0.239,0.058,0.006,0.084,-0.445,-0.398,0.505,-0.188,-0.236,0.356,0.132,-0.149,-0.193,0.228,-0.311,0.080,0.177,0.177,-0.330,0.310,0.279,0.248,0.149,-0.222,[548],38,31,5,1,,17
,[549],0.062,-0.090,0.099,0.220,-0.093,-0.159,-0.173,0.091,0.006,0.073,0.048,0.154,-0.070,-0.008,-0.012,0.102,0.213,-0.040,-0.011,0.032,-0.335,-0.127,-0.111,0.016,0.234,-0.011,0.113,-0.133,0.208,-0.161,0.028,0.345,0.178,-0.124,-0.176,0.042,0.042,0.046,-0.088,0.155,-0.365,-0.145,0.472,-0.198,-0.004,0.042,1.000,0.169,-0.212,0.090,0.129,-0.001,-0.083,-0.169,0.103,0.152,-0.079,0.066,-0.303,0.075,-0.284,-0.086,-0.052,-0.041,-0.109,-0.050,-0.222,-0.053,0.086,0.037,0.053,0.068,0.013,0.048,0.273,[549],61,12,1,1,,40
,[561],0.038,-0.213,-0.358,0.146,-0.037,-0.276,0.105,0.151,0.060,-0.020,-0.043,0.507,-0.107,-0.081,0.059,-0.381,0.687,0.650,0.057,-0.168,0.376,0.079,-0.079,-0.036,-0.227,-0.264,0.146,-0.273,0.251,-0.451,-0.010,0.201,-0.107,0.604,-0.189,-0.135,0.093,0.136,0.392,-0.275,-0.394,0.114,0.032,-0.005,0.107,0.141,0.169,1.000,-0.236,0.021,0.008,-0.209,-0.050,0.095,-0.208,-0.213,-0.316,0.018,-0.507,0.017,0.243,0.013,-0.091,-0.235,0.228,-0.124,-0.085,-0.082,-0.052,0.029,0.349,0.161,0.143,-0.040,-0.129,[561],46,22,6,1,,28
,[564],-0.397,0.347,0.178,-0.150,0.354,0.080,-0.108,-0.298,0.384,-0.530,0.238,-0.515,0.392,0.200,-0.117,0.168,-0.510,-0.478,-0.312,0.139,-0.293,-0.228,-0.353,0.129,0.101,-0.163,-0.513,0.713,-0.401,0.290,-0.020,-0.171,0.165,-0.312,0.357,-0.086,-0.135,-0.522,-0.314,-0.263,0.317,-0.148,0.012,0.593,0.240,-0.207,-0.212,-0.236,1.000,-0.092,-0.362,0.742,-0.602,-0.186,-0.131,0.466,0.252,-0.422,0.184,0.300,0.062,0.067,0.264,0.248,-0.185,0.280,0.060,0.100,-0.013,0.245,-0.411,-0.345,0.022,-0.407,-0.348,[564],28,31,13,3,,10
,[581],0.195,-0.157,0.058,0.134,-0.218,-0.024,-0.014,0.127,-0.031,0.090,0.059,0.155,0.041,-0.007,0.096,0.007,0.133,0.075,0.167,-0.174,0.067,0.033,0.006,0.162,-0.018,0.167,0.195,-0.092,0.145,-0.100,0.080,0.304,-0.125,0.006,0.097,0.023,0.223,0.130,0.024,0.148,-0.106,0.178,-0.211,-0.172,-0.369,0.128,0.090,0.021,-0.092,1.000,0.179,-0.242,0.112,-0.048,-0.325,0.020,-0.042,0.002,0.135,0.145,-0.167,0.105,-0.425,-0.184,-0.029,-0.057,0.196,0.395,-0.268,-0.454,0.188,0.101,0.081,0.142,0.201,[581],62,10,2,1,,31
,[583],0.470,-0.384,0.292,0.128,-0.237,-0.406,0.026,0.095,-0.289,0.573,0.144,0.144,-0.359,-0.370,0.362,-0.054,0.260,0.240,0.455,0.003,0.240,-0.174,0.261,-0.340,-0.219,0.025,0.499,-0.361,0.675,-0.214,0.314,0.198,-0.435,0.131,-0.141,0.001,0.363,0.539,0.319,0.501,-0.047,0.136,-0.043,-0.594,-0.404,0.397,0.129,0.008,-0.362,0.179,1.000,-0.355,0.311,0.263,0.083,-0.486,-0.462,0.602,0.113,-0.555,0.119,0.307,-0.255,-0.278,0.039,0.038,-0.059,0.013,0.085,-0.191,0.245,0.259,0.363,0.093,0.130,[583],30,29,15,1,,16
,[595],-0.432,0.619,0.035,-0.028,0.529,0.082,-0.008,-0.525,0.496,-0.577,0.113,-0.427,0.403,0.184,-0.170,0.365,-0.451,-0.475,-0.422,0.067,-0.560,-0.223,-0.415,0.163,0.322,-0.046,-0.597,0.727,-0.429,0.285,-0.210,-0.262,0.368,-0.353,0.268,-0.294,-0.271,-0.503,-0.462,-0.301,0.448,-0.393,0.344,0.725,0.371,-0.239,-0.001,-0.209,0.742,-0.242,-0.355,1.000,-0.601,-0.244,0.071,0.578,0.194,-0.357,0.152,0.244,0.158,0.116,0.328,0.420,-0.332,0.249,-0.106,-0.063,0.184,0.337,-0.561,-0.438,0.193,-0.531,-0.407,[595],20,26,25,4,,9
,[610],0.240,-0.144,0.018,0.074,-0.203,0.009,-0.106,0.308,-0.534,0.464,-0.357,0.257,-0.263,-0.038,-0.104,0.002,0.108,0.096,0.063,-0.067,0.109,0.176,0.412,-0.246,0.098,0.271,0.276,-0.653,0.119,-0.002,0.084,0.056,-0.147,0.113,-0.171,0.111,0.058,0.440,0.311,0.366,0.012,0.139,-0.180,-0.338,-0.049,0.058,-0.083,-0.050,-0.602,0.112,0.311,-0.601,1.000,0.219,0.161,-0.247,-0.028,0.297,-0.089,-0.207,-0.163,0.022,-0.073,0.006,0.123,-0.035,0.251,0.048,-0.033,-0.339,0.176,0.259,-0.116,0.120,0.374,[610],46,21,7,1,,26
,[613],0.438,-0.293,0.159,-0.075,-0.247,-0.441,0.095,-0.033,-0.270,0.530,-0.098,0.153,-0.217,-0.386,0.237,0.051,0.206,0.225,0.158,0.069,0.291,-0.341,-0.106,-0.293,-0.300,-0.132,0.298,-0.158,0.375,-0.239,0.077,0.187,-0.203,0.057,-0.033,-0.259,0.376,0.260,0.178,0.305,0.120,0.146,-0.170,-0.234,-0.139,0.006,-0.169,0.095,-0.186,-0.048,0.263,-0.244,0.219,1.000,-0.035,-0.498,-0.296,0.313,-0.113,-0.294,0.240,0.338,0.212,0.028,0.127,-0.237,0.132,-0.147,0.032,-0.072,0.256,-0.120,0.415,-0.102,-0.078,[613],37,32,5,1,,17
,[642],0.089,-0.007,-0.000,-0.149,-0.075,0.091,0.041,0.063,-0.075,0.029,-0.044,0.006,-0.120,0.019,0.022,0.080,-0.011,-0.028,-0.082,0.177,-0.114,0.029,0.140,-0.078,0.117,0.061,0.152,-0.177,-0.047,0.096,-0.003,-0.014,0.154,-0.074,-0.040,0.026,0.081,0.049,-0.055,0.087,0.117,0.089,0.140,0.023,0.003,0.084,0.103,-0.208,-0.131,-0.325,0.083,0.071,0.161,-0.035,1.000,0.012,0.089,0.051,-0.007,0.055,-0.161,-0.030,-0.120,0.000,0.060,0.046,-0.108,0.013,0.031,-0.142,-0.025,-0.020,-0.095,-0.093,0.026,[642],72,2,0,1,,54
,[643],-0.640,0.576,-0.180,0.098,0.568,0.301,-0.147,-0.195,0.174,-0.621,-0.040,-0.226,0.312,0.500,-0.566,0.257,-0.630,-0.666,-0.447,-0.036,-0.710,0.339,-0.177,0.399,0.498,0.146,-0.695,0.344,-0.571,0.201,-0.355,-0.142,0.276,-0.365,0.116,0.214,-0.627,-0.551,-0.393,-0.469,-0.076,-0.260,0.323,0.611,0.281,-0.445,0.152,-0.213,0.466,0.020,-0.486,0.578,-0.247,-0.498,0.012,1.000,0.322,-0.531,0.115,0.385,-0.354,-0.178,0.083,0.188,-0.486,0.351,0.088,0.203,0.018,0.052,-0.709,-0.018,-0.342,-0.129,0.188,[643],25,24,23,3,,11
,[644],-0.494,0.180,-0.036,-0.060,0.072,0.550,-0.103,0.247,0.161,-0.441,0.028,-0.404,0.223,0.503,-0.121,0.068,-0.335,-0.289,-0.411,0.130,-0.250,0.199,0.166,0.244,0.237,-0.015,-0.221,0.111,-0.625,0.281,0.068,-0.161,0.327,-0.109,0.282,0.322,-0.140,-0.394,-0.155,-0.050,0.104,0.136,-0.022,0.307,0.058,-0.398,-0.079,-0.316,0.252,-0.042,-0.462,0.194,-0.028,-0.296,0.089,0.322,1.000,-0.605,0.161,0.419,-0.377,-0.313,0.070,0.080,-0.147,0.207,0.083,0.079,-0.332,0.101,-0.121,-0.059,-0.417,-0.169,0.082,[644],40,23,11,1,,20
,[645],0.659,-0.327,0.291,-0.007,-0.331,-0.569,-0.031,-0.188,-0.328,0.719,-0.055,0.314,-0.293,-0.639,0.314,-0.050,0.273,0.254,0.526,0.007,0.297,-0.332,-0.007,-0.384,-0.172,0.198,0.465,-0.118,0.718,-0.259,0.178,0.034,-0.432,0.039,-0.217,-0.360,0.320,0.572,0.167,0.342,0.098,-0.212,-0.047,-0.543,-0.144,0.505,0.066,0.018,-0.422,0.002,0.602,-0.357,0.297,0.313,0.051,-0.531,-0.605,1.000,-0.087,-0.533,0.374,0.358,0.059,-0.059,0.185,-0.359,-0.206,-0.224,0.410,0.023,0.226,0.035,0.429,0.171,-0.129,[645],29,27,16,3,,19
,[646],-0.106,0.189,0.059,-0.137,0.190,0.169,0.162,-0.169,0.067,-0.031,0.287,-0.170,0.190,0.095,0.018,0.253,-0.434,-0.291,0.010,-0.019,-0.146,0.046,0.104,0.051,0.051,0.406,-0.294,0.206,-0.141,0.327,-0.072,0.051,-0.157,-0.200,0.125,0.076,-0.214,-0.090,-0.186,-0.042,0.264,0.023,0.032,0.088,-0.114,-0.188,-0.303,-0.507,0.184,0.135,0.113,0.152,-0.089,-0.113,-0.007,0.115,0.161,-0.087,1.000,-0.122,-0.219,-0.137,-0.040,0.027,-0.236,0.184,0.027,0.102,-0.147,-0.041,-0.301,-0.204,0.028,-0.056,0.071,[646],58,13,3,1,,28
,[648],-0.234,0.136,-0.011,-0.022,0.060,0.372,0.039,0.191,0.267,-0.535,0.142,-0.296,0.135,0.410,-0.182,0.033,-0.121,-0.145,-0.335,-0.096,-0.213,-0.002,-0.063,0.564,0.155,-0.070,-0.264,0.202,-0.516,0.181,-0.207,-0.063,0.402,-0.087,0.138,0.122,-0.146,-0.407,-0.213,-0.351,0.115,-0.078,-0.098,0.465,0.027,-0.236,0.075,0.017,0.300,0.145,-0.555,0.244,-0.207,-0.294,0.055,0.385,0.419,-0.533,-0.122,1.000,-0.268,0.135,-0.225,0.079,-0.114,0.294,0.055,0.169,-0.208,-0.124,-0.085,-0.131,-0.226,-0.251,-0.105,[648],41,23,10,1,,20
,[670],0.295,0.048,0.191,0.131,0.011,-0.479,0.039,-0.409,0.045,0.246,-0.123,0.067,0.024,-0.587,0.204,0.034,0.208,0.302,0.201,0.012,0.392,-0.481,-0.485,-0.298,-0.284,-0.171,0.053,0.304,0.378,-0.281,0.035,-0.218,-0.206,0.190,0.000,-0.633,0.264,0.246,0.114,0.078,0.295,-0.223,-0.183,0.019,0.211,0.356,-0.284,0.243,0.062,-0.167,0.119,0.158,-0.163,0.240,-0.161,-0.354,-0.377,0.374,-0.219,-0.268,1.000,0.329,0.088,0.385,0.259,-0.430,-0.181,-0.078,0.540,0.115,0.218,-0.235,0.542,-0.263,-0.629,[670],30,34,10,1,,16
,[674],0.325,-0.032,0.173,-0.070,-0.101,-0.318,0.225,-0.206,-0.147,0.189,0.043,-0.103,-0.217,-0.350,0.087,0.127,0.059,0.109,0.130,-0.180,0.056,-0.415,-0.308,-0.115,-0.077,-0.015,0.123,0.098,0.277,-0.212,-0.080,-0.235,-0.184,0.032,0.071,-0.409,0.056,0.093,-0.079,0.076,0.324,-0.253,-0.265,0.075,-0.080,0.132,-0.086,0.013,0.067,0.105,0.307,0.116,0.022,0.338,-0.030,-0.178,-0.313,0.358,-0.137,0.135,0.329,1.000,0.085,0.025,-0.008,0.023,-0.082,-0.288,0.242,0.020,0.118,-0.134,0.579,-0.254,-0.286,[674],49,22,3,1,,29
,[675],-0.236,0.296,0.052,-0.061,0.135,-0.075,-0.135,-0.212,0.046,-0.083,0.041,-0.133,0.244,0.011,-0.081,0.216,-0.233,-0.184,-0.219,0.071,-0.217,-0.073,-0.245,-0.301,0.147,0.021,-0.153,0.272,-0.117,0.075,0.095,-0.132,0.053,-0.100,0.185,-0.186,-0.208,-0.035,-0.147,-0.004,0.127,-0.324,0.126,0.341,0.361,-0.149,-0.052,-0.091,0.264,-0.425,-0.255,0.328,-0.073,0.212,-0.120,0.083,0.070,0.059,-0.040,-0.225,0.088,0.085,1.000,0.174,-0.160,-0.084,0.070,-0.496,0.101,0.620,-0.267,-0.183,0.140,-0.156,-0.135,[675],50,21,3,1,,27
,[689],0.025,0.525,0.151,-0.035,0.297,-0.057,0.003,-0.419,0.085,-0.021,-0.275,-0.182,0.164,-0.070,-0.221,0.378,-0.240,-0.260,-0.361,0.193,-0.272,-0.409,-0.404,-0.064,0.237,0.090,-0.406,0.424,-0.263,0.192,-0.188,-0.229,0.276,-0.208,0.119,-0.413,-0.155,-0.053,-0.120,0.000,0.514,-0.366,0.060,0.247,0.452,-0.193,-0.041,-0.235,0.248,-0.184,-0.278,0.420,0.006,0.028,0.000,0.188,0.080,-0.059,0.027,0.079,0.385,0.025,0.174,1.000,-0.057,0.026,-0.151,0.046,0.382,0.060,-0.288,-0.463,0.223,-0.486,-0.276,[689],39,23,12,1,,25
,[709],0.266,-0.357,-0.056,-0.203,-0.385,-0.060,0.094,0.089,-0.096,0.307,-0.123,0.089,-0.201,-0.413,0.284,-0.312,0.460,0.394,0.203,-0.301,0.526,-0.200,-0.004,-0.386,-0.337,-0.126,0.167,-0.120,0.315,-0.233,0.301,0.111,0.028,0.058,-0.360,-0.352,0.323,0.241,0.424,0.046,-0.024,-0.064,-0.187,-0.214,0.146,0.228,-0.109,0.228,-0.185,-0.029,0.039,-0.332,0.123,0.127,0.060,-0.486,-0.147,0.185,-0.236,-0.114,0.259,-0.008,-0.160,-0.057,1.000,-0.342,0.062,-0.087,0.141,-0.311,0.599,0.094,0.146,0.028,-0.288,[709],38,30,6,1,,21
,[721],-0.333,0.304,-0.159,0.082,0.311,0.310,0.072,0.062,0.064,-0.400,0.022,-0.330,-0.205,0.563,-0.264,0.054,-0.268,-0.273,-0.251,0.110,-0.325,0.188,0.384,0.342,0.244,0.045,-0.337,-0.017,-0.529,0.204,-0.054,-0.129,0.169,-0.033,0.129,0.409,-0.396,-0.323,0.014,-0.214,0.096,0.029,0.032,0.191,-0.028,-0.311,-0.050,-0.124,0.280,-0.057,0.038,0.249,-0.035,-0.237,0.046,0.351,0.207,-0.359,0.184,0.294,-0.430,0.023,-0.084,0.026,-0.342,1.000,0.032,0.105,-0.271,0.056,-0.371,-0.006,-0.148,-0.175,0.246,[721],38,32,4,1,,26
,[736],-0.123,0.001,-0.175,-0.119,-0.032,0.022,-0.007,0.036,-0.080,-0.080,0.003,-0.014,-0.120,0.111,-0.117,0.002,-0.138,-0.061,-0.122,-0.294,-0.093,0.300,0.030,0.020,-0.101,-0.132,-0.012,-0.019,-0.136,0.058,0.042,0.063,0.092,0.003,0.055,0.088,0.160,-0.100,-0.101,0.156,-0.021,0.034,-0.203,0.223,-0.022,0.080,-0.222,-0.085,0.060,0.196,-0.059,-0.106,0.251,0.132,-0.108,0.088,0.083,-0.206,0.027,0.055,-0.181,-0.082,0.070,-0.151,0.062,0.032,1.000,0.565,-0.225,-0.528,-0.110,0.039,-0.109,0.072,0.146,[736],64,8,2,1,,40
,[737],-0.016,0.011,-0.006,-0.030,0.054,0.009,0.008,0.023,-0.067,-0.107,-0.011,-0.052,-0.121,0.124,-0.157,0.041,-0.165,-0.091,-0.046,0.175,0.012,0.213,-0.022,0.220,-0.172,-0.099,0.023,0.031,-0.079,0.008,-0.067,0.061,-0.016,0.025,0.207,0.118,0.200,-0.110,-0.111,0.074,-0.044,0.255,-0.229,0.008,-0.087,0.177,-0.053,-0.082,0.100,0.395,0.013,-0.063,0.048,-0.147,0.013,0.203,0.079,-0.224,0.102,0.169,-0.078,-0.288,-0.496,0.046,-0.087,0.105,0.565,1.000,-0.150,-0.615,-0.085,0.012,-0.236,-0.019,0.180,[737],61,10,3,1,,42
,[753],0.119,0.217,0.316,0.243,0.091,-0.280,-0.063,-0.479,-0.060,0.282,-0.178,-0.089,-0.057,-0.507,-0.119,0.253,-0.094,-0.128,0.188,-0.002,-0.045,-0.310,-0.337,-0.253,0.138,0.069,-0.129,0.151,0.379,-0.166,0.002,-0.178,-0.151,-0.217,-0.106,-0.560,-0.009,0.213,0.028,0.125,0.158,-0.295,0.199,0.003,0.315,0.177,0.086,-0.052,-0.013,-0.268,0.085,0.184,-0.033,0.032,0.031,0.018,-0.332,0.410,-0.147,-0.208,0.540,0.242,0.101,0.382,0.141,-0.271,-0.225,-0.150,1.000,0.044,-0.057,-0.148,0.332,-0.051,-0.325,[753],46,23,5,1,,24
,[768],-0.172,0.234,0.100,0.017,0.161,0.005,-0.136,-0.062,0.113,-0.164,0.092,-0.148,0.254,0.061,-0.044,0.018,-0.131,-0.039,-0.071,0.275,-0.075,-0.099,-0.107,-0.045,0.063,-0.039,-0.062,0.246,-0.175,0.153,0.007,-0.254,-0.042,0.028,0.277,0.033,-0.318,-0.128,-0.077,-0.179,0.100,-0.087,0.096,0.061,0.148,-0.330,0.037,0.029,0.245,-0.454,-0.191,0.337,-0.339,-0.072,-0.142,0.052,0.101,0.023,-0.041,-0.124,0.115,0.020,0.620,0.060,-0.311,0.056,-0.528,-0.615,0.044,1.000,-0.194,-0.186,-0.035,-0.092,-0.113,[768],58,12,4,1,,36
,[786],0.460,-0.582,0.054,0.014,-0.656,-0.180,0.159,0.378,-0.127,0.408,0.050,0.081,-0.213,-0.369,0.474,-0.096,0.615,0.611,0.320,-0.060,0.671,-0.209,0.127,-0.331,-0.478,-0.311,0.593,-0.428,0.484,-0.392,0.280,0.228,-0.145,0.374,-0.154,-0.120,0.566,0.313,0.317,0.270,-0.143,0.267,-0.310,-0.430,-0.149,0.310,0.053,0.349,-0.411,0.188,0.245,-0.561,0.176,0.256,-0.025,-0.709,-0.121,0.226,-0.301,-0.085,0.218,0.118,-0.267,-0.288,0.599,-0.371,-0.110,-0.085,-0.057,-0.194,1.000,0.067,0.257,0.034,-0.082,[786],29,27,17,2,,14
,[815],-0.147,-0.368,-0.025,0.087,-0.047,0.129,-0.226,0.332,-0.256,0.065,-0.023,0.115,-0.108,0.147,-0.007,-0.302,0.040,-0.012,0.225,-0.032,0.153,0.483,0.395,0.060,0.014,0.064,0.216,-0.437,0.202,-0.248,0.215,0.194,-0.284,0.082,-0.106,0.319,-0.071,0.329,0.302,0.095,-0.590,0.153,-0.038,-0.250,-0.187,0.279,0.068,0.161,-0.345,0.101,0.259,-0.438,0.259,-0.120,-0.020,-0.018,-0.059,0.035,-0.204,-0.131,-0.235,-0.134,-0.183,-0.463,0.094,-0.006,0.039,0.012,-0.148,-0.186,0.067,1.000,-0.449,0.408,0.316,[815],44,23,7,1,,26
,[930],0.435,0.022,0.077,0.086,-0.211,-0.599,0.274,-0.362,0.088,0.339,0.153,0.097,-0.101,-0.479,0.359,0.303,0.307,0.283,0.093,-0.279,0.107,-0.652,-0.369,-0.274,-0.155,-0.102,0.083,0.212,0.462,-0.369,0.131,0.099,-0.043,0.012,-0.143,-0.543,0.295,0.268,0.052,0.080,0.349,-0.374,0.024,0.058,0.059,0.248,0.013,0.143,0.022,0.081,0.363,0.193,-0.116,0.415,-0.095,-0.342,-0.417,0.429,0.028,-0.226,0.542,0.579,0.140,0.223,0.146,-0.148,-0.109,-0.236,0.332,-0.035,0.257,-0.449,1.000,-0.398,-0.440,[930],35,26,13,1,,21
,[958],0.054,-0.271,-0.107,-0.015,-0.104,0.121,-0.137,0.119,-0.225,0.293,-0.106,0.304,-0.249,-0.053,-0.093,-0.364,0.109,0.043,0.386,-0.095,0.095,0.371,0.240,0.049,0.108,0.127,0.299,-0.346,0.215,-0.015,0.195,0.093,-0.176,-0.015,-0.280,0.319,0.059,0.120,0.150,0.205,-0.538,0.323,0.049,-0.485,-0.249,0.149,0.048,-0.040,-0.407,0.142,0.093,-0.531,0.120,-0.102,-0.093,-0.129,-0.169,0.171,-0.056,-0.251,-0.263,-0.254,-0.156,-0.486,0.028,-0.175,0.072,-0.019,-0.051,-0.092,0.034,0.408,-0.398,1.000,0.281,[958],46,22,6,1,,24
,[1022],-0.132,-0.076,-0.152,0.177,0.012,0.188,-0.153,0.341,-0.239,0.039,-0.075,0.089,-0.069,0.337,-0.314,0.134,-0.134,-0.118,-0.005,0.123,-0.186,0.533,0.399,0.063,0.042,0.219,0.071,-0.535,-0.134,0.088,-0.201,0.128,-0.136,0.085,0.039,0.603,-0.333,0.072,-0.072,0.066,-0.367,0.205,0.008,-0.307,-0.321,-0.222,0.273,-0.129,-0.348,0.201,0.130,-0.407,0.374,-0.078,0.026,0.188,0.082,-0.129,0.071,-0.105,-0.629,-0.286,-0.135,-0.276,-0.288,0.246,0.146,0.180,-0.325,-0.113,-0.082,0.316,-0.440,0.281,1.000,[1022],44,24,6,1,,22