
barbara : 0.229034        基底1個　：　0.114646

cameraman : 0.220115      基底1個　：　0.112260

mandrill : 0.220619       基底1個　：　0.114602

