
DCの情報量　　　　　　　　ICA係数の情報量　　　　　ICA基底の情報量

barbara : 0.229034        基底1個　：　0.114646　　基底1個　： (ave)0.053577

cameraman : 0.220115      基底1個　：　0.112260    基底1個　： (ave)0.055403

mandrill : 0.220619       基底1個　：　0.114602    基底1個　： (ave)0.054453

