


,,[257],[260],[293],[322],[326],[355],[356],[357],[358],[359],[384],[387],[388],[389],[390],[391],[407],[408],[416],[419],[420],[421],[422],[423],[427],[428],[429],[431],[432],[437],[438],[439],[440],[448],[450],[453],[456],[457],[462],[463],[464],[465],[466],[467],[468],[470],[473],[474],[475],[476],[480],[481],[483],[485],[506],[507],[512],[513],[514],[515],[524],[544],[545],[547],[548],[549],[550],[551],[554],[557],[558],[560],[561],[565],[576],[577],[579],[580],[581],[582],[583],[584],[586],[588],[592],[593],[594],[608],[609],[611],[613],[615],[616],[617],[618],[619],[621],[622],[623],[624],[625],[626],[627],[629],[640],[641],[646],[647],[648],[649],[650],[651],[652],[653],[657],[658],[659],[660],[661],[662],[663],[674],[677],[678],[680],[681],[682],[683],[684],[686],[688],[689],[690],[691],[693],[694],[695],[696],[709],[711],[712],[713],[714],[716],[719],[721],[722],[724],[725],[726],[727],[728],[740],[741],[742],[748],[753],[754],[756],[757],[758],[759],[760],[761],[762],[785],[787],[788],[790],[791],[792],[793],[812],[817],[818],[820],[821],[822],[824],[825],[848],[849],[854],[856],[857],[879],[880],[884],[885],[886],[890],[910],[911],[912],[922],[923],[925],[955],[957],[989],,0~0.2,0.2~0.4,0.4~0.7,0.7~1,,0~0.1
,[257],1.000,-0.538,-0.550,0.733,-0.557,0.213,-0.114,-0.018,-0.000,-0.292,-0.198,0.335,-0.148,0.488,-0.124,-0.460,0.415,-0.355,-0.286,0.718,0.167,-0.253,0.024,0.444,-0.253,0.051,-0.237,-0.189,-0.151,-0.153,-0.455,-0.458,0.058,-0.183,-0.146,-0.539,0.042,-0.251,0.714,0.277,0.101,0.276,0.161,-0.040,-0.188,0.186,0.324,-0.037,-0.209,-0.002,0.459,0.148,0.098,-0.288,0.062,-0.094,-0.504,0.147,0.103,-0.585,0.287,-0.451,0.291,0.155,0.216,-0.018,-0.616,0.605,-0.301,-0.064,0.089,-0.146,-0.153,-0.148,0.413,0.209,-0.266,0.252,-0.614,-0.294,0.002,-0.253,-0.121,-0.010,-0.115,0.149,-0.416,0.119,0.351,0.194,-0.414,0.139,-0.064,-0.023,-0.268,-0.253,0.261,-0.220,-0.013,0.234,-0.380,0.334,0.261,0.057,0.215,0.214,0.006,0.193,0.188,0.245,0.185,-0.172,-0.129,0.524,-0.363,-0.041,-0.095,0.387,-0.148,0.207,0.037,0.299,0.038,0.176,0.362,-0.261,-0.247,0.002,-0.584,0.146,0.256,-0.441,0.265,0.261,-0.194,0.102,0.137,-0.393,-0.150,0.380,0.332,-0.095,0.006,-0.564,0.118,-0.339,0.368,0.168,-0.272,-0.087,0.414,-0.591,0.443,-0.082,0.384,-0.370,-0.601,0.237,0.165,-0.241,-0.300,0.184,0.081,-0.186,-0.116,0.243,0.187,-0.417,0.249,-0.144,0.259,-0.261,0.232,0.224,-0.399,-0.064,0.010,0.362,0.279,-0.051,0.241,-0.351,-0.558,0.384,-0.134,-0.411,-0.251,-0.356,0.150,-0.224,-0.554,0.146,-0.120,0.172,-0.590,0.078,-0.275,0.476,0.199,0.247,[257],89,73,34,4,,36
,[260],-0.538,1.000,0.963,-0.755,0.964,-0.562,0.096,-0.151,-0.088,0.477,0.397,-0.532,-0.174,-0.412,-0.189,0.812,-0.122,0.555,0.303,-0.543,-0.377,-0.145,0.062,-0.377,0.415,0.113,0.491,0.446,0.379,0.015,0.639,0.705,0.130,0.409,0.419,0.522,0.093,0.565,-0.348,-0.192,-0.013,0.145,-0.212,0.159,0.229,-0.564,-0.618,0.014,0.377,0.163,0.040,0.137,-0.253,-0.208,0.052,0.255,0.242,0.132,-0.107,0.158,-0.581,0.518,-0.067,0.121,0.063,0.413,0.636,-0.322,0.015,-0.322,-0.485,0.321,0.172,0.151,-0.337,0.053,0.306,-0.046,0.561,0.236,0.387,0.448,0.359,-0.130,0.428,-0.215,0.483,-0.123,-0.245,0.352,0.072,-0.364,0.242,0.112,0.292,0.041,-0.020,0.353,0.354,-0.011,0.284,-0.210,-0.064,0.025,-0.201,-0.154,-0.242,-0.323,-0.153,0.067,-0.266,0.073,-0.059,-0.110,0.431,-0.008,-0.126,-0.137,-0.043,0.009,0.243,-0.563,-0.197,-0.488,-0.318,0.095,0.195,0.027,0.344,0.241,-0.196,-0.049,-0.583,-0.234,0.328,-0.021,0.009,0.546,-0.291,-0.665,-0.318,-0.043,0.283,0.255,-0.207,0.217,-0.092,-0.118,-0.025,-0.120,-0.332,0.415,-0.689,-0.127,-0.215,0.181,0.591,-0.200,-0.159,0.142,0.003,-0.089,0.126,0.448,-0.014,0.052,0.094,0.088,-0.166,0.130,-0.111,0.520,-0.005,-0.265,0.188,-0.254,0.048,-0.329,-0.577,0.116,-0.292,0.349,0.536,-0.334,-0.154,0.388,0.066,0.233,-0.205,-0.471,0.771,-0.223,0.197,-0.476,0.412,-0.014,0.467,-0.351,-0.322,-0.485,[260],88,61,44,7,,44
,[293],-0.550,0.963,1.000,-0.790,0.999,-0.551,0.133,-0.115,-0.058,0.572,0.459,-0.581,-0.189,-0.466,-0.241,0.811,-0.159,0.618,0.410,-0.574,-0.363,-0.145,0.071,-0.388,0.384,0.086,0.477,0.431,0.357,-0.071,0.563,0.733,0.112,0.501,0.386,0.583,0.050,0.520,-0.361,-0.223,-0.024,0.122,-0.231,0.121,0.222,-0.505,-0.567,-0.002,0.340,0.162,0.067,0.195,-0.207,-0.142,0.000,0.239,0.201,0.183,-0.204,0.222,-0.586,0.562,-0.090,0.209,0.056,0.352,0.617,-0.356,0.054,-0.297,-0.408,0.288,0.154,0.173,-0.390,0.102,0.376,-0.137,0.589,0.236,0.468,0.472,0.422,-0.164,0.375,-0.240,0.491,-0.111,-0.301,0.369,0.095,-0.347,0.218,0.093,0.273,0.068,-0.062,0.379,0.255,0.032,0.301,-0.154,-0.032,-0.080,-0.229,-0.109,-0.330,-0.346,-0.267,0.089,-0.303,0.185,-0.123,-0.126,0.456,-0.073,-0.195,-0.175,-0.037,-0.055,0.365,-0.564,-0.165,-0.575,-0.258,0.127,0.174,0.002,0.299,0.167,-0.155,-0.044,-0.607,-0.329,0.337,-0.153,0.029,0.508,-0.228,-0.685,-0.278,-0.040,0.292,0.311,-0.217,0.191,-0.129,-0.072,0.024,-0.232,-0.379,0.458,-0.661,-0.111,-0.246,0.239,0.659,-0.289,-0.268,0.289,-0.044,-0.196,0.197,0.495,-0.067,0.078,0.110,0.096,-0.166,0.144,-0.086,0.594,-0.029,-0.379,0.273,-0.191,0.147,-0.401,-0.580,0.140,-0.333,0.427,0.497,-0.388,-0.121,0.336,-0.073,0.201,-0.279,-0.477,0.810,-0.242,0.167,-0.479,0.451,-0.019,0.483,-0.373,-0.318,-0.491,[293],81,66,46,7,,37
,[322],0.733,-0.755,-0.790,1.000,-0.793,0.366,-0.199,-0.099,0.066,-0.481,-0.371,0.663,-0.103,0.628,-0.028,-0.664,0.360,-0.533,-0.416,0.833,0.218,0.008,-0.024,0.505,-0.255,0.032,-0.293,-0.338,-0.143,-0.048,-0.508,-0.609,0.031,-0.339,-0.167,-0.823,-0.060,-0.397,0.476,0.319,-0.059,0.008,0.205,-0.093,-0.167,0.383,0.353,-0.039,-0.212,-0.130,0.244,0.108,0.027,-0.190,0.000,-0.141,-0.517,0.141,0.170,-0.600,0.483,-0.570,0.221,-0.121,0.199,-0.214,-0.746,0.489,-0.253,0.094,0.259,-0.229,-0.034,-0.175,0.403,0.118,-0.285,0.342,-0.868,-0.361,-0.266,-0.335,-0.247,0.044,-0.329,0.254,-0.564,0.233,0.327,0.016,-0.361,0.245,-0.037,0.082,-0.220,-0.248,0.126,-0.195,-0.195,0.156,-0.547,0.338,0.184,0.118,0.313,0.257,0.103,0.333,0.297,0.098,0.416,-0.331,-0.008,0.196,-0.483,-0.063,-0.002,0.396,-0.021,0.270,-0.200,0.542,0.040,0.423,0.532,-0.109,-0.361,0.049,-0.582,-0.007,0.236,-0.284,0.495,0.314,-0.210,0.103,0.181,-0.561,-0.043,0.574,0.168,0.036,-0.236,-0.561,0.301,-0.370,0.351,0.168,-0.260,0.025,0.543,-0.637,0.465,-0.039,0.487,-0.217,-0.870,0.409,0.189,-0.382,-0.139,0.138,-0.053,-0.364,-0.067,0.051,0.055,-0.250,0.238,-0.155,0.091,-0.490,0.349,0.313,-0.392,-0.049,-0.027,0.459,0.476,-0.025,0.345,-0.471,-0.664,0.476,-0.095,-0.253,-0.123,-0.393,0.322,0.108,-0.839,0.367,-0.323,0.307,-0.689,0.117,-0.322,0.569,0.339,0.421,[322],78,69,42,11,,42
,[326],-0.557,0.964,0.999,-0.793,1.000,-0.548,0.133,-0.108,-0.062,0.574,0.459,-0.588,-0.198,-0.471,-0.250,0.809,-0.173,0.615,0.416,-0.586,-0.353,-0.133,0.073,-0.384,0.387,0.072,0.472,0.426,0.349,-0.075,0.549,0.723,0.105,0.501,0.379,0.591,0.040,0.523,-0.372,-0.232,-0.038,0.118,-0.237,0.129,0.232,-0.487,-0.560,-0.014,0.347,0.154,0.062,0.190,-0.203,-0.127,-0.000,0.242,0.211,0.173,-0.199,0.226,-0.588,0.561,-0.094,0.216,0.042,0.339,0.625,-0.352,0.066,-0.284,-0.391,0.289,0.156,0.186,-0.394,0.104,0.376,-0.153,0.601,0.245,0.466,0.471,0.413,-0.153,0.378,-0.261,0.499,-0.110,-0.298,0.354,0.106,-0.350,0.208,0.102,0.272,0.089,-0.066,0.377,0.254,0.026,0.313,-0.164,-0.030,-0.094,-0.228,-0.114,-0.324,-0.346,-0.276,0.083,-0.308,0.195,-0.134,-0.120,0.464,-0.057,-0.191,-0.184,-0.025,-0.071,0.366,-0.567,-0.162,-0.579,-0.264,0.133,0.192,-0.000,0.308,0.148,-0.148,-0.029,-0.613,-0.332,0.335,-0.155,0.027,0.517,-0.220,-0.676,-0.280,-0.035,0.292,0.319,-0.222,0.202,-0.144,-0.077,0.040,-0.221,-0.384,0.469,-0.669,-0.110,-0.245,0.231,0.668,-0.298,-0.266,0.294,-0.034,-0.194,0.191,0.496,-0.058,0.067,0.100,0.099,-0.158,0.153,-0.095,0.598,-0.027,-0.382,0.276,-0.181,0.147,-0.408,-0.577,0.137,-0.343,0.439,0.501,-0.403,-0.122,0.335,-0.068,0.209,-0.281,-0.461,0.815,-0.243,0.169,-0.483,0.463,-0.032,0.476,-0.390,-0.328,-0.478,[326],81,66,46,7,,36
,[355],0.213,-0.562,-0.551,0.366,-0.548,1.000,-0.124,0.251,0.073,-0.343,-0.702,0.281,0.203,0.001,-0.083,-0.351,-0.070,-0.267,-0.495,0.218,0.353,0.457,-0.177,0.170,-0.434,-0.337,-0.774,-0.530,-0.569,-0.161,-0.425,-0.618,-0.447,-0.492,-0.428,-0.259,-0.015,-0.117,0.084,0.006,0.117,0.005,0.151,-0.009,-0.360,0.326,0.600,0.276,-0.249,-0.366,-0.100,-0.605,0.067,0.354,0.087,-0.356,0.042,0.138,-0.129,0.024,0.485,-0.191,-0.207,-0.278,-0.346,-0.417,-0.313,0.233,0.033,0.234,0.446,0.077,-0.122,0.025,0.480,-0.002,-0.517,-0.016,-0.217,0.274,-0.612,-0.827,-0.334,0.163,-0.183,-0.099,-0.271,0.098,-0.011,-0.295,0.156,0.447,-0.170,-0.339,-0.216,-0.112,-0.105,-0.173,-0.353,-0.101,-0.066,0.229,-0.055,-0.012,0.130,0.030,0.705,0.378,0.084,-0.084,0.014,-0.340,0.231,0.085,-0.330,-0.038,0.412,0.165,-0.096,0.000,-0.510,0.721,0.266,0.358,-0.133,-0.029,-0.090,-0.047,-0.134,-0.323,0.008,0.161,0.486,0.319,-0.234,0.236,-0.337,-0.578,0.497,0.298,0.469,0.367,-0.464,-0.080,0.518,-0.355,0.011,0.289,0.024,0.404,0.139,-0.238,0.573,0.258,-0.041,-0.448,-0.284,0.283,0.234,-0.203,0.454,0.112,-0.273,-0.740,0.442,-0.138,0.021,0.110,0.265,-0.009,0.047,-0.557,-0.079,0.200,-0.170,0.136,0.053,0.280,0.646,-0.215,0.599,-0.433,-0.328,0.235,0.163,-0.087,0.058,0.133,0.283,0.254,-0.428,0.190,-0.262,0.404,-0.323,0.251,-0.603,-0.246,0.521,0.041,[355],83,67,43,7,,48
,[356],-0.114,0.096,0.133,-0.199,0.133,-0.124,1.000,0.496,0.699,0.200,0.421,-0.322,0.091,0.208,0.035,0.225,-0.255,-0.122,0.315,-0.266,-0.354,-0.271,0.044,-0.187,-0.299,0.009,0.194,0.437,0.071,-0.284,-0.169,0.027,0.313,0.125,0.018,0.318,-0.094,0.137,-0.233,-0.430,-0.481,-0.266,-0.352,-0.197,0.062,0.195,0.025,-0.232,-0.446,0.409,0.074,-0.043,0.369,0.030,-0.533,-0.285,0.130,-0.167,0.182,0.176,-0.426,-0.032,0.092,0.158,-0.295,-0.067,0.226,0.089,0.169,0.297,0.301,-0.046,-0.049,0.148,-0.529,-0.080,0.122,-0.184,0.265,0.081,0.145,0.244,-0.014,-0.036,0.162,-0.106,0.055,-0.012,0.087,-0.109,-0.040,-0.337,-0.287,0.089,0.225,0.348,-0.112,0.034,0.033,-0.041,0.271,-0.212,-0.109,-0.102,-0.186,0.082,-0.186,-0.189,-0.170,-0.006,0.032,0.266,-0.042,0.016,0.288,0.185,0.135,-0.125,0.115,-0.206,0.179,-0.287,0.007,-0.289,0.052,-0.182,0.023,0.032,0.212,-0.271,0.042,0.128,-0.326,-0.081,0.176,-0.091,-0.173,0.276,0.102,0.058,-0.038,-0.468,0.109,0.183,-0.302,0.288,-0.282,-0.218,0.070,-0.004,-0.227,0.223,-0.179,-0.260,0.077,0.000,0.231,-0.135,0.104,0.098,0.154,0.070,0.035,0.286,0.021,-0.251,-0.363,-0.020,-0.222,0.279,-0.256,0.179,-0.191,-0.060,0.016,0.147,-0.072,-0.066,-0.239,-0.050,-0.303,0.224,0.241,-0.215,0.199,-0.289,-0.036,0.196,-0.103,0.124,0.179,-0.461,0.254,-0.168,0.368,-0.513,-0.056,-0.191,-0.357,0.080,[356],122,63,14,1,,63
,[357],-0.018,-0.151,-0.115,-0.099,-0.108,0.251,0.496,1.000,0.556,-0.171,0.031,-0.142,0.165,0.201,0.114,-0.028,-0.295,-0.268,-0.097,-0.230,-0.231,0.014,-0.120,-0.194,-0.357,-0.146,-0.134,0.193,-0.252,-0.353,-0.417,-0.262,0.007,-0.271,-0.097,0.146,0.120,-0.120,-0.139,-0.495,-0.211,-0.249,-0.063,-0.200,0.077,0.346,0.299,-0.256,-0.448,0.339,0.144,-0.282,0.166,0.218,-0.342,-0.188,0.226,-0.205,0.109,0.073,-0.289,-0.149,-0.188,-0.105,-0.321,-0.221,-0.019,0.136,0.054,0.261,0.380,-0.166,-0.071,-0.001,-0.243,-0.012,-0.122,-0.172,0.209,0.319,-0.220,-0.136,-0.079,-0.025,0.016,-0.206,-0.110,0.070,-0.111,-0.231,0.285,-0.032,-0.096,-0.163,-0.029,0.238,-0.239,-0.133,-0.176,-0.086,0.330,0.085,-0.027,-0.153,0.079,0.182,0.225,0.174,-0.262,-0.275,-0.093,0.140,0.244,-0.061,0.130,0.145,0.355,0.040,-0.100,-0.045,-0.124,-0.071,0.039,0.005,-0.301,-0.197,-0.068,0.136,0.120,-0.286,0.210,0.272,-0.071,0.196,0.110,-0.086,-0.242,0.067,0.214,0.245,0.033,-0.091,-0.118,0.248,0.050,-0.064,-0.129,0.094,-0.061,0.240,0.057,-0.030,0.099,-0.139,-0.072,-0.110,0.088,0.040,0.096,0.162,0.338,0.093,-0.325,-0.219,0.072,-0.045,-0.017,-0.133,0.006,0.126,-0.391,-0.173,-0.265,-0.087,0.038,0.220,0.030,0.026,0.051,-0.024,0.022,-0.093,0.242,0.069,0.272,-0.352,-0.066,0.173,0.099,0.175,-0.094,-0.308,0.156,0.083,0.205,-0.279,-0.209,-0.385,0.076,0.194,[357],129,65,5,1,,71
,[358],-0.000,-0.088,-0.058,0.066,-0.062,0.073,0.699,0.556,1.000,-0.155,0.124,0.154,0.205,0.357,0.143,0.034,-0.007,-0.183,-0.054,-0.001,-0.469,-0.192,-0.114,-0.202,-0.359,-0.057,0.076,0.285,0.116,-0.270,-0.271,-0.103,0.264,0.009,0.170,-0.056,-0.096,-0.121,-0.090,-0.465,-0.421,-0.391,-0.314,-0.351,-0.065,0.280,0.066,-0.330,-0.434,0.323,0.164,-0.073,0.033,-0.038,-0.519,-0.347,-0.094,0.132,0.111,-0.081,-0.242,-0.023,-0.021,-0.158,0.008,-0.284,0.109,0.017,-0.163,0.175,0.359,-0.240,0.262,-0.050,-0.247,-0.023,0.044,-0.067,-0.112,0.060,-0.138,-0.042,-0.035,-0.271,-0.039,0.145,-0.303,-0.044,0.000,-0.109,-0.051,-0.015,-0.070,0.006,0.126,0.030,-0.288,0.247,-0.119,0.232,-0.124,0.147,0.032,-0.026,-0.101,0.454,-0.097,0.086,-0.137,-0.078,0.059,0.094,0.165,-0.104,0.121,-0.085,0.079,0.169,-0.026,-0.037,-0.095,0.032,-0.288,-0.063,0.100,-0.145,-0.043,0.356,-0.173,-0.183,0.282,-0.166,-0.176,0.268,0.051,-0.157,-0.121,-0.073,-0.002,0.141,-0.128,-0.326,0.115,-0.023,0.023,-0.079,0.098,0.081,-0.264,0.095,-0.021,0.025,-0.079,-0.331,0.004,0.045,-0.120,0.173,0.176,0.106,0.297,-0.041,-0.019,-0.109,-0.049,-0.054,-0.013,-0.028,0.024,0.202,-0.176,-0.083,-0.110,-0.179,-0.122,-0.086,0.029,-0.049,0.039,-0.120,-0.052,-0.044,0.181,0.140,0.022,-0.230,-0.268,-0.068,0.031,0.048,-0.167,-0.186,0.093,-0.089,-0.014,-0.267,-0.096,-0.096,-0.041,0.136,[358],153,38,8,1,,95
,[359],-0.292,0.477,0.572,-0.481,0.574,-0.343,0.200,-0.171,-0.155,1.000,0.527,-0.594,-0.227,-0.326,-0.279,0.594,-0.428,0.531,0.707,-0.456,0.065,-0.135,-0.102,-0.332,-0.025,-0.157,0.107,0.021,-0.023,-0.314,0.193,0.411,-0.014,0.710,-0.206,0.582,-0.273,0.219,-0.210,-0.158,-0.199,0.234,-0.055,0.138,0.324,-0.160,-0.037,0.199,0.060,-0.086,0.002,0.326,0.343,0.218,-0.039,0.263,0.104,-0.067,-0.365,0.507,-0.260,0.204,0.245,0.612,-0.108,-0.028,0.407,-0.070,0.534,0.049,-0.125,0.180,-0.199,0.338,-0.368,0.077,0.545,-0.473,0.505,-0.045,0.656,0.458,-0.003,0.069,0.141,-0.267,0.637,-0.147,0.051,0.075,0.048,-0.409,-0.177,0.296,0.262,0.470,-0.007,0.265,0.183,-0.103,0.336,-0.397,-0.106,-0.501,-0.280,-0.231,-0.498,-0.505,-0.332,0.265,-0.367,0.470,-0.599,-0.062,0.266,0.257,-0.445,-0.489,0.414,-0.378,0.548,-0.311,0.147,-0.614,0.177,0.146,0.134,-0.414,0.389,-0.265,-0.225,0.062,-0.515,-0.674,0.123,-0.287,0.001,0.296,0.198,-0.330,0.132,-0.092,0.096,0.278,-0.448,0.478,-0.494,-0.343,0.539,-0.533,-0.620,0.625,-0.223,0.187,-0.165,0.100,0.640,-0.614,-0.387,0.359,-0.232,-0.312,0.360,0.651,-0.124,-0.239,-0.268,0.061,-0.153,0.280,0.027,0.676,-0.131,-0.369,0.360,0.098,0.298,-0.439,-0.472,0.163,-0.577,0.727,-0.111,-0.726,-0.007,-0.001,-0.093,0.141,-0.551,-0.105,0.681,-0.298,0.093,-0.301,0.505,-0.232,0.224,-0.078,-0.479,-0.167,[359],77,63,55,5,,36
,[384],-0.198,0.397,0.459,-0.371,0.459,-0.702,0.421,0.031,0.124,0.527,1.000,-0.472,-0.105,0.024,-0.022,0.293,-0.072,0.279,0.536,-0.340,-0.291,-0.499,0.103,-0.204,0.127,0.200,0.514,0.469,0.347,-0.086,0.168,0.419,0.420,0.391,0.242,0.438,-0.066,0.248,-0.161,-0.232,-0.131,-0.173,-0.190,-0.103,0.330,-0.136,-0.317,-0.216,-0.089,0.425,0.291,0.392,0.221,-0.170,-0.288,0.179,0.174,-0.125,0.095,0.196,-0.550,0.225,0.109,0.297,0.032,0.259,0.214,-0.096,0.093,0.062,-0.181,-0.145,-0.139,-0.024,-0.548,-0.058,0.401,-0.126,0.311,-0.141,0.649,0.666,0.363,-0.182,0.286,-0.058,0.380,-0.099,-0.092,0.193,0.102,-0.457,-0.012,0.317,0.209,0.283,-0.017,0.051,0.060,0.061,0.240,-0.229,-0.189,-0.188,-0.141,-0.089,-0.639,-0.450,-0.238,0.055,0.078,0.434,-0.193,-0.073,0.340,0.016,-0.245,-0.117,0.094,-0.042,0.458,-0.624,0.021,-0.426,0.146,-0.170,0.037,-0.086,0.174,0.031,-0.028,0.008,-0.470,-0.320,0.437,-0.252,0.021,0.553,-0.226,-0.213,-0.296,-0.532,0.313,0.236,-0.557,0.339,-0.250,-0.283,0.136,-0.500,-0.165,0.346,-0.417,-0.214,0.020,0.490,0.390,-0.287,-0.098,0.284,-0.317,-0.092,0.255,0.733,-0.266,0.033,-0.076,-0.124,-0.461,0.113,-0.084,0.453,0.010,-0.325,0.069,-0.018,0.026,-0.259,-0.487,0.165,-0.637,0.420,0.256,-0.347,-0.053,-0.024,-0.235,0.092,-0.191,-0.177,0.455,-0.391,0.313,-0.164,0.488,-0.321,0.397,0.128,-0.364,-0.018,[384],94,63,40,3,,50
,[387],0.335,-0.532,-0.581,0.663,-0.588,0.281,-0.322,-0.142,0.154,-0.594,-0.472,1.000,0.198,0.515,0.230,-0.553,0.445,-0.406,-0.550,0.662,-0.074,-0.007,-0.146,0.198,-0.165,0.087,-0.182,-0.146,0.160,0.185,-0.201,-0.344,0.031,-0.359,0.118,-0.877,0.049,-0.479,0.253,0.168,0.015,-0.277,0.097,-0.184,-0.311,0.169,0.130,-0.093,-0.165,-0.082,-0.120,0.134,-0.359,-0.211,-0.074,-0.238,-0.480,0.168,0.119,-0.509,0.267,-0.358,0.014,-0.484,0.450,-0.182,-0.417,0.114,-0.421,0.002,0.106,-0.300,0.236,-0.297,0.526,-0.108,-0.051,0.416,-0.802,-0.497,-0.475,-0.410,-0.050,-0.235,-0.536,0.596,-0.671,0.258,0.016,-0.051,-0.065,0.479,0.193,-0.016,-0.082,-0.425,-0.122,0.033,-0.140,0.217,-0.711,0.372,0.173,0.294,0.306,0.428,0.165,0.500,0.434,-0.064,0.369,-0.298,0.248,-0.122,-0.411,-0.302,0.053,0.413,-0.155,0.364,-0.371,0.548,-0.507,0.630,0.306,0.053,-0.234,0.351,-0.612,0.176,0.296,-0.420,0.503,0.408,-0.278,0.172,0.265,-0.652,-0.114,0.380,-0.159,0.127,-0.157,-0.474,0.349,-0.485,0.560,0.271,-0.446,0.081,0.529,-0.490,0.276,-0.200,0.263,0.093,-0.813,0.540,0.145,-0.343,0.006,0.021,-0.238,-0.528,-0.174,0.182,0.204,-0.004,0.246,-0.212,0.145,-0.469,0.214,0.214,-0.254,-0.283,0.044,0.282,0.473,-0.058,0.419,-0.410,-0.196,0.621,-0.132,0.104,-0.044,-0.490,0.283,0.105,-0.841,0.557,-0.375,0.150,-0.720,0.252,-0.067,0.567,0.448,0.276,[387],78,56,59,7,,32
,[388],-0.148,-0.174,-0.189,-0.103,-0.198,0.203,0.091,0.165,0.205,-0.227,-0.105,0.198,1.000,0.236,0.736,-0.091,0.209,-0.135,-0.280,-0.120,-0.261,-0.091,-0.167,-0.262,-0.294,0.012,-0.279,0.159,0.097,0.334,0.102,-0.058,-0.024,-0.341,0.152,-0.003,0.299,-0.133,-0.150,-0.208,0.074,-0.417,0.092,-0.246,-0.516,-0.193,0.093,-0.035,-0.338,0.148,-0.348,-0.410,-0.184,0.070,-0.035,-0.433,0.132,-0.073,-0.048,0.169,-0.014,0.016,-0.292,-0.515,-0.106,0.036,0.037,-0.286,-0.241,-0.017,-0.054,-0.237,-0.021,-0.416,0.196,-0.397,-0.072,0.157,-0.020,-0.154,-0.476,-0.352,0.117,-0.164,0.102,0.337,-0.119,-0.274,-0.337,-0.252,0.387,0.426,0.152,-0.281,-0.101,-0.218,-0.208,-0.080,-0.117,0.089,-0.195,0.034,-0.188,0.280,-0.044,0.039,0.277,0.105,0.163,-0.245,-0.095,-0.096,0.533,-0.405,0.128,-0.212,0.305,0.167,-0.269,0.153,-0.515,0.104,-0.126,0.206,-0.300,-0.110,0.082,0.185,0.028,0.181,-0.002,0.048,0.360,0.432,-0.054,0.175,-0.386,-0.074,0.124,-0.060,-0.174,-0.248,-0.003,0.148,0.003,-0.149,0.169,0.009,-0.137,0.308,0.088,0.005,0.307,-0.080,-0.263,0.128,-0.104,0.299,0.300,-0.215,0.251,0.183,-0.337,-0.468,0.048,0.092,0.085,0.291,-0.267,-0.174,0.145,-0.325,-0.390,0.096,-0.195,-0.128,-0.238,0.057,0.222,-0.288,0.224,-0.269,0.350,0.295,0.126,0.023,-0.036,0.047,0.199,0.085,-0.146,-0.005,0.069,0.213,-0.066,0.209,-0.001,0.029,0.220,-0.256,[388],120,65,13,2,,59
,[389],0.488,-0.412,-0.466,0.628,-0.471,0.001,0.208,0.201,0.357,-0.326,0.024,0.515,0.236,1.000,0.219,-0.331,0.352,-0.510,-0.279,0.490,-0.369,-0.444,-0.163,0.146,-0.397,0.172,-0.103,0.246,0.148,-0.039,-0.271,-0.314,0.376,-0.288,0.181,-0.601,0.139,-0.303,0.343,0.053,-0.295,-0.252,-0.062,-0.364,-0.208,0.086,0.130,-0.282,-0.528,0.382,0.173,0.096,0.002,-0.340,-0.289,-0.334,-0.397,-0.003,0.208,-0.507,-0.124,-0.517,0.146,-0.222,0.209,-0.034,-0.477,0.313,-0.371,0.051,0.055,-0.339,-0.074,-0.301,0.060,-0.075,-0.075,0.413,-0.638,-0.429,-0.167,-0.063,0.054,-0.222,-0.055,0.391,-0.446,0.185,0.101,0.044,-0.213,0.197,0.032,0.152,-0.052,-0.115,0.085,-0.112,-0.025,0.184,-0.502,0.149,0.105,0.259,0.256,0.311,-0.030,0.172,0.305,0.025,0.243,-0.165,0.164,-0.039,-0.129,-0.043,0.082,0.460,-0.194,0.303,-0.201,0.103,-0.237,0.276,0.349,-0.212,-0.277,0.230,-0.360,0.112,0.281,-0.269,0.207,0.401,-0.042,0.210,0.031,-0.180,-0.260,0.434,-0.215,-0.455,0.029,-0.280,-0.049,-0.241,0.367,-0.077,-0.337,0.026,0.513,-0.478,0.248,-0.379,0.474,0.001,-0.659,0.433,0.367,-0.537,-0.105,0.356,-0.196,-0.208,-0.232,0.077,0.022,-0.305,-0.082,-0.167,-0.052,-0.280,0.160,0.328,-0.524,-0.183,-0.140,0.346,0.098,-0.108,0.081,-0.347,-0.125,0.449,-0.036,-0.338,-0.099,-0.270,0.258,0.009,-0.635,0.057,-0.103,0.079,-0.376,-0.074,-0.033,0.512,0.088,0.224,[389],88,78,33,1,,50
,[390],-0.124,-0.189,-0.241,-0.028,-0.250,-0.083,0.035,0.114,0.143,-0.279,-0.022,0.230,0.736,0.219,1.000,-0.109,0.084,-0.161,-0.154,-0.069,-0.205,-0.016,-0.299,-0.389,-0.205,-0.157,0.001,-0.021,-0.059,0.407,0.124,-0.021,0.062,-0.210,0.027,-0.056,0.231,-0.254,-0.137,-0.165,0.064,-0.295,0.111,-0.074,-0.151,-0.044,0.007,0.023,-0.168,0.052,-0.291,-0.123,-0.027,0.023,0.032,-0.042,0.118,-0.254,0.133,0.115,0.076,-0.063,-0.078,-0.298,0.045,0.090,0.003,-0.252,-0.115,-0.050,-0.091,-0.211,0.155,-0.303,0.082,-0.276,0.069,0.073,-0.031,-0.244,-0.318,-0.019,-0.089,0.026,-0.026,0.337,-0.097,-0.139,-0.087,-0.263,0.166,0.129,0.113,-0.090,-0.049,-0.102,-0.160,-0.043,-0.013,-0.006,-0.074,-0.014,-0.155,0.173,0.090,-0.024,0.003,0.188,0.131,-0.274,0.040,0.017,0.368,-0.293,-0.010,-0.022,0.145,-0.039,-0.086,0.104,-0.239,0.022,-0.185,0.263,-0.169,-0.125,0.215,0.060,0.099,0.205,0.007,0.024,0.275,0.198,-0.146,-0.033,-0.016,0.032,0.068,0.068,-0.085,-0.201,0.032,0.034,0.018,0.095,0.100,-0.023,-0.097,0.223,0.073,0.004,0.202,-0.018,-0.277,0.171,-0.145,0.131,0.122,-0.051,0.046,0.124,-0.241,-0.171,-0.096,0.070,-0.030,0.153,-0.120,-0.054,0.019,-0.225,-0.284,0.096,0.075,0.064,-0.334,0.102,-0.016,-0.107,0.075,-0.152,0.270,0.247,0.134,-0.087,0.140,-0.059,0.028,0.211,-0.187,-0.042,0.161,0.130,0.006,-0.004,0.090,0.202,0.065,0.095,[390],153,44,1,2,,99
,[391],-0.460,0.812,0.811,-0.664,0.809,-0.351,0.225,-0.028,0.034,0.594,0.293,-0.553,-0.091,-0.331,-0.109,1.000,-0.377,0.520,0.359,-0.585,-0.399,-0.135,-0.188,-0.613,0.023,-0.124,0.240,0.222,0.088,-0.103,0.516,0.601,0.111,0.517,0.147,0.594,-0.033,0.531,-0.302,-0.259,-0.185,0.317,-0.246,0.090,0.096,-0.454,-0.351,0.152,0.141,0.084,0.083,0.027,0.006,-0.014,-0.052,0.180,0.215,0.101,-0.181,0.320,-0.460,0.482,0.194,0.270,0.031,0.182,0.641,-0.234,0.228,-0.183,-0.378,0.453,0.189,0.276,-0.357,-0.025,0.369,-0.201,0.522,0.230,0.399,0.337,0.142,-0.029,0.371,-0.231,0.470,-0.172,-0.075,0.174,-0.042,-0.414,0.003,0.214,0.399,0.189,-0.056,0.530,0.437,-0.119,0.279,-0.313,-0.142,-0.113,-0.332,-0.067,-0.272,-0.469,-0.196,0.187,-0.425,0.171,-0.195,-0.042,0.455,0.175,-0.178,-0.293,0.107,-0.173,0.301,-0.377,-0.127,-0.556,-0.206,0.007,0.197,-0.043,0.438,0.005,-0.270,-0.065,-0.642,-0.362,0.202,-0.050,-0.032,0.468,-0.076,-0.555,-0.030,-0.102,0.194,0.186,-0.120,0.370,-0.263,-0.204,0.171,-0.100,-0.547,0.563,-0.449,-0.076,-0.228,-0.038,0.582,-0.286,-0.189,0.122,0.139,-0.029,0.091,0.442,0.112,-0.170,-0.138,0.137,-0.138,0.414,-0.169,0.586,-0.115,-0.290,0.164,-0.213,0.033,-0.385,-0.615,0.131,-0.297,0.407,0.283,-0.481,-0.106,0.109,0.061,0.340,-0.385,-0.350,0.730,-0.392,0.240,-0.435,0.477,-0.133,0.188,-0.393,-0.366,-0.402,[391],93,59,43,5,,37
,[407],0.415,-0.122,-0.159,0.360,-0.173,-0.070,-0.255,-0.295,-0.007,-0.428,-0.072,0.445,0.209,0.352,0.084,-0.377,1.000,-0.072,-0.484,0.640,-0.229,-0.268,0.166,0.403,0.155,0.237,-0.017,0.283,0.446,0.205,0.080,-0.005,0.063,-0.349,0.564,-0.572,0.394,0.000,0.407,0.283,0.262,-0.194,0.175,-0.229,-0.449,-0.292,-0.324,-0.092,0.091,0.018,0.154,0.141,-0.612,-0.634,0.128,-0.131,-0.484,0.478,0.024,-0.666,0.040,-0.063,-0.289,-0.396,0.365,0.298,-0.474,0.008,-0.914,-0.322,-0.246,-0.199,-0.009,-0.448,0.503,0.098,-0.356,0.585,-0.547,-0.240,-0.135,-0.202,0.445,-0.433,0.153,0.433,-0.545,-0.047,-0.238,0.479,-0.189,0.545,0.494,-0.359,-0.483,-0.695,0.100,-0.227,-0.120,0.561,-0.627,0.593,0.237,0.507,0.254,0.222,0.056,0.236,0.286,0.034,0.325,-0.450,0.392,-0.057,-0.300,-0.660,0.077,0.739,-0.656,0.528,-0.328,0.153,-0.243,0.129,0.093,-0.105,-0.155,0.401,-0.709,0.695,0.363,-0.483,0.343,0.576,-0.025,0.255,0.111,-0.269,-0.584,-0.152,-0.316,-0.105,0.300,-0.297,0.169,-0.669,0.830,0.384,-0.732,0.019,0.695,-0.704,0.031,-0.314,0.012,0.056,-0.546,0.541,0.252,-0.338,-0.368,0.087,0.171,-0.314,-0.306,0.581,0.653,-0.141,0.098,-0.684,0.371,-0.319,0.243,0.126,-0.398,-0.361,0.056,0.369,0.206,-0.194,0.400,-0.472,0.114,0.740,-0.167,0.110,-0.335,-0.470,0.407,-0.444,-0.415,0.379,-0.153,0.049,-0.685,0.579,0.360,0.461,0.400,-0.337,[407],67,65,60,8,,35
,[408],-0.355,0.555,0.618,-0.533,0.615,-0.267,-0.122,-0.268,-0.183,0.531,0.279,-0.406,-0.135,-0.510,-0.161,0.520,-0.072,1.000,0.433,-0.352,-0.005,0.075,-0.163,-0.348,0.119,-0.025,0.280,0.005,0.023,-0.049,0.534,0.604,-0.286,0.602,0.086,0.446,-0.078,0.474,-0.064,0.022,0.050,0.258,0.088,0.275,0.283,-0.447,-0.164,0.481,0.223,-0.161,0.040,0.168,-0.122,0.208,0.046,0.368,-0.082,0.307,-0.682,0.373,-0.192,0.481,-0.076,0.348,0.276,-0.036,0.374,-0.576,0.057,-0.415,-0.447,0.147,0.088,0.443,-0.083,0.289,0.288,-0.435,0.414,0.181,0.544,0.213,0.107,0.009,0.150,-0.237,0.376,-0.227,-0.333,0.238,0.143,-0.046,0.318,0.012,-0.091,0.067,-0.304,0.522,0.061,0.091,0.087,0.079,0.168,-0.349,-0.327,-0.105,-0.331,-0.328,-0.451,0.165,-0.234,0.272,-0.208,-0.143,0.335,-0.135,-0.497,-0.238,0.062,-0.130,0.397,-0.043,0.054,-0.567,-0.013,0.186,0.290,-0.167,0.144,0.021,0.007,-0.001,-0.421,-0.476,-0.103,-0.295,0.206,0.082,0.120,-0.628,0.109,0.267,0.401,0.207,-0.011,0.137,-0.019,0.232,0.192,-0.231,-0.385,0.392,-0.211,0.246,-0.253,0.169,0.581,-0.515,-0.542,0.449,-0.128,-0.528,0.409,0.354,-0.134,0.211,0.312,0.234,0.237,-0.018,0.190,0.576,0.005,-0.490,0.426,-0.016,0.360,-0.457,-0.308,0.026,-0.195,0.468,0.168,-0.325,0.140,0.244,-0.123,0.013,-0.498,-0.288,0.589,0.028,-0.208,-0.413,0.311,0.135,0.466,-0.180,-0.140,-0.417,[408],87,63,49,1,,46
,[416],-0.286,0.303,0.410,-0.416,0.416,-0.495,0.315,-0.097,-0.054,0.707,0.536,-0.550,-0.280,-0.279,-0.154,0.359,-0.484,0.433,1.000,-0.475,0.178,-0.132,-0.044,-0.210,0.047,-0.031,0.359,-0.007,0.001,-0.258,0.106,0.432,-0.017,0.802,-0.285,0.579,-0.356,0.044,-0.242,-0.005,-0.254,0.106,-0.133,0.232,0.549,0.015,0.058,0.092,-0.021,0.119,-0.159,0.359,0.554,0.356,-0.138,0.348,-0.016,-0.221,-0.340,0.558,-0.125,0.026,0.284,0.747,-0.051,-0.103,0.442,-0.256,0.601,0.058,-0.040,-0.027,-0.162,0.540,-0.647,0.158,0.583,-0.607,0.513,0.013,0.663,0.657,-0.173,0.185,-0.027,-0.259,0.599,0.003,0.075,-0.052,-0.084,-0.517,-0.236,0.450,0.255,0.609,0.008,0.264,0.055,-0.056,0.387,-0.430,0.050,-0.556,-0.319,-0.258,-0.656,-0.418,-0.439,0.200,-0.253,0.642,-0.695,-0.072,0.301,0.409,-0.585,-0.579,0.550,-0.539,0.786,-0.419,0.190,-0.522,0.361,0.248,0.172,-0.518,0.438,-0.354,-0.186,0.277,-0.449,-0.783,0.037,-0.434,0.113,0.329,0.273,-0.124,0.107,-0.151,0.233,0.300,-0.551,0.650,-0.594,-0.343,0.608,-0.460,-0.617,0.618,-0.227,0.276,0.124,0.172,0.675,-0.801,-0.469,0.521,-0.241,-0.348,0.466,0.799,-0.250,-0.222,-0.364,-0.023,-0.082,0.270,-0.030,0.759,-0.002,-0.365,0.550,0.390,0.221,-0.470,-0.452,0.151,-0.753,0.783,-0.034,-0.748,0.111,-0.191,-0.041,-0.025,-0.627,0.234,0.593,-0.245,0.015,-0.374,0.637,-0.537,0.226,-0.068,-0.759,0.079,[416],69,55,63,13,,42
,[419],0.718,-0.543,-0.574,0.833,-0.586,0.218,-0.266,-0.230,-0.001,-0.456,-0.340,0.662,-0.120,0.490,-0.069,-0.585,0.640,-0.352,-0.475,1.000,0.077,-0.051,0.124,0.574,-0.092,0.090,-0.165,-0.165,0.101,-0.071,-0.312,-0.397,0.053,-0.316,0.097,-0.850,0.040,-0.292,0.475,0.388,0.034,-0.037,0.208,-0.134,-0.243,0.172,0.079,-0.027,-0.044,-0.157,0.282,0.255,-0.234,-0.436,0.061,-0.101,-0.671,0.316,0.071,-0.728,0.371,-0.506,0.139,-0.152,0.303,-0.006,-0.738,0.428,-0.515,-0.086,0.073,-0.177,-0.069,-0.249,0.571,0.255,-0.338,0.443,-0.855,-0.381,-0.206,-0.284,-0.037,-0.160,-0.232,0.372,-0.705,0.163,0.177,0.328,-0.428,0.346,0.118,-0.111,-0.375,-0.469,0.095,-0.185,-0.114,0.357,-0.619,0.522,0.342,0.234,0.329,0.352,0.079,0.272,0.344,0.316,0.361,-0.436,0.062,0.152,-0.585,-0.297,-0.027,0.563,-0.220,0.418,-0.198,0.517,-0.084,0.323,0.488,-0.064,-0.289,0.241,-0.789,0.274,0.352,-0.450,0.417,0.374,-0.289,0.144,0.346,-0.612,-0.287,0.225,0.099,0.045,0.008,-0.563,0.262,-0.556,0.621,0.355,-0.518,-0.035,0.594,-0.773,0.359,-0.151,0.305,-0.193,-0.827,0.420,0.130,-0.327,-0.348,-0.021,0.169,-0.351,-0.246,0.320,0.317,-0.290,0.371,-0.384,0.337,-0.369,0.291,0.269,-0.345,-0.156,0.146,0.469,0.380,-0.062,0.411,-0.437,-0.512,0.628,-0.111,-0.190,-0.206,-0.533,0.272,-0.166,-0.730,0.385,-0.345,0.121,-0.809,0.259,-0.059,0.655,0.386,0.131,[419],68,75,44,13,,35
,[420],0.167,-0.377,-0.363,0.218,-0.353,0.353,-0.354,-0.231,-0.469,0.065,-0.291,-0.074,-0.261,-0.369,-0.205,-0.399,-0.229,-0.005,0.178,0.077,1.000,0.430,0.073,0.386,0.134,-0.165,-0.249,-0.685,-0.476,-0.054,-0.199,-0.381,-0.537,0.011,-0.686,0.029,-0.215,-0.195,0.073,0.329,0.275,0.353,0.392,0.437,0.293,0.271,0.457,0.402,0.212,-0.429,-0.254,-0.144,0.400,0.426,0.469,0.308,0.115,-0.248,-0.149,0.290,0.662,-0.315,0.087,0.264,-0.247,-0.203,-0.154,0.106,0.479,0.063,0.168,0.087,-0.341,0.252,0.197,0.163,-0.112,-0.317,0.074,0.073,-0.010,-0.157,-0.478,0.553,-0.240,-0.314,0.278,0.014,0.173,-0.289,-0.009,-0.065,-0.273,0.037,-0.145,0.234,0.240,-0.333,-0.177,-0.216,0.199,-0.197,0.002,-0.287,0.012,-0.457,0.190,0.098,-0.051,0.083,0.040,0.042,-0.398,0.230,-0.335,0.389,-0.081,-0.348,0.372,-0.332,0.096,0.313,0.490,0.197,0.144,0.142,0.026,-0.610,0.167,-0.324,-0.330,0.397,0.338,-0.273,-0.264,-0.018,-0.075,-0.237,0.508,0.257,0.536,0.443,-0.289,-0.102,0.093,0.211,-0.385,-0.100,0.513,0.046,-0.169,0.094,0.380,0.692,0.106,-0.251,0.062,-0.301,-0.127,0.189,-0.098,-0.086,0.131,0.003,0.233,-0.244,-0.180,0.036,0.180,-0.013,0.140,-0.103,0.067,0.150,0.292,0.429,0.082,0.082,0.391,0.122,0.009,0.079,-0.538,-0.314,0.051,-0.029,0.220,-0.002,-0.059,0.373,-0.009,0.165,-0.149,0.321,-0.029,-0.000,-0.369,-0.024,-0.055,0.218,[420],95,78,26,1,,54
,[421],-0.253,-0.145,-0.145,0.008,-0.133,0.457,-0.271,0.014,-0.192,-0.135,-0.499,-0.007,-0.091,-0.444,-0.016,-0.135,-0.268,0.075,-0.132,-0.051,0.430,1.000,-0.090,0.027,0.108,-0.325,-0.230,-0.534,-0.518,0.082,-0.129,-0.250,-0.497,-0.172,-0.382,0.013,-0.054,0.038,-0.365,0.095,0.091,0.002,0.237,0.380,0.143,0.228,0.291,0.300,0.328,-0.674,-0.291,-0.289,0.002,0.434,0.321,0.229,0.156,-0.026,-0.151,0.216,0.506,0.084,-0.307,-0.062,-0.361,-0.184,-0.054,-0.139,0.244,-0.065,0.205,0.164,0.087,0.234,0.125,0.177,-0.203,-0.249,0.123,0.301,-0.278,-0.299,-0.369,0.440,-0.119,-0.447,0.039,0.082,-0.134,-0.222,0.284,0.112,0.015,-0.143,-0.210,0.080,-0.215,-0.054,-0.359,-0.195,0.279,0.114,0.064,-0.260,0.099,-0.306,0.368,0.261,-0.180,-0.221,0.119,-0.187,0.127,-0.123,-0.077,0.094,0.209,-0.197,0.127,-0.120,-0.174,0.442,0.387,0.117,-0.153,0.168,0.176,-0.213,0.169,-0.282,-0.041,0.441,0.297,-0.081,-0.152,-0.072,0.003,-0.227,0.508,0.057,0.281,0.616,-0.395,0.124,0.509,0.013,-0.196,0.273,0.209,0.302,-0.052,-0.029,0.173,0.511,-0.219,-0.200,0.078,-0.084,-0.206,0.126,0.371,-0.202,-0.143,-0.273,0.300,-0.174,-0.066,0.338,0.312,0.048,-0.226,-0.279,-0.009,0.038,0.382,0.364,0.079,0.145,0.256,0.061,0.349,-0.072,-0.172,-0.029,0.273,0.246,0.202,0.186,0.080,0.357,-0.022,0.268,-0.324,0.188,0.012,0.135,-0.176,-0.314,0.245,0.129,[421],107,74,18,1,,53
,[422],0.024,0.062,0.071,-0.024,0.073,-0.177,0.044,-0.120,-0.114,-0.102,0.103,-0.146,-0.167,-0.163,-0.299,-0.188,0.166,-0.163,-0.044,0.124,0.073,-0.090,1.000,0.610,0.405,0.472,0.310,0.343,0.459,-0.067,-0.103,0.019,0.191,-0.062,0.303,0.081,-0.047,0.029,-0.043,0.101,0.021,-0.063,-0.184,-0.199,0.040,0.176,-0.303,-0.434,0.179,0.187,0.146,0.105,-0.191,-0.175,-0.061,-0.163,-0.008,0.016,0.161,-0.137,-0.125,0.051,0.049,-0.027,-0.068,0.093,0.007,0.151,-0.100,0.174,0.125,-0.128,-0.117,-0.081,0.031,0.120,-0.099,0.027,0.038,0.082,-0.022,0.068,0.214,-0.236,0.104,-0.108,-0.132,-0.243,0.108,0.172,-0.078,-0.142,0.044,-0.063,-0.008,-0.031,0.101,-0.264,0.096,0.073,0.007,-0.001,0.082,0.136,-0.127,0.120,0.008,-0.204,-0.001,0.134,0.009,-0.034,-0.100,0.146,0.075,-0.065,0.001,0.066,-0.015,-0.032,-0.021,-0.252,0.127,-0.071,-0.100,0.092,-0.093,0.245,-0.133,0.100,0.074,0.038,-0.151,0.147,0.113,0.014,0.029,0.155,-0.320,-0.036,-0.238,-0.144,0.185,0.067,-0.345,-0.114,0.029,-0.027,-0.149,0.009,0.007,-0.102,-0.185,-0.249,-0.005,0.011,0.015,-0.022,0.039,0.053,-0.060,-0.075,0.116,-0.000,-0.069,0.144,0.113,0.033,-0.057,-0.035,0.135,0.024,-0.067,0.010,-0.103,-0.092,-0.069,-0.060,0.128,-0.189,-0.159,-0.001,0.034,-0.037,-0.168,0.155,-0.076,0.059,0.088,-0.108,0.128,-0.157,0.143,-0.096,-0.040,-0.062,-0.033,-0.070,-0.112,-0.097,[422],178,16,5,1,,103
,[423],0.444,-0.377,-0.388,0.505,-0.384,0.170,-0.187,-0.194,-0.202,-0.332,-0.204,0.198,-0.262,0.146,-0.389,-0.613,0.403,-0.348,-0.210,0.574,0.386,0.027,0.610,1.000,0.307,0.350,-0.002,-0.010,0.145,-0.101,-0.351,-0.316,-0.014,-0.272,0.051,-0.413,0.041,-0.181,0.262,0.501,0.036,-0.006,0.050,-0.145,-0.056,0.244,0.011,-0.233,0.121,-0.002,0.079,0.035,-0.078,-0.234,0.195,-0.079,-0.297,0.130,0.073,-0.415,0.238,-0.375,-0.070,-0.015,-0.047,0.040,-0.479,0.338,-0.235,0.035,0.184,-0.113,-0.320,-0.120,0.337,0.343,-0.405,0.208,-0.367,-0.013,-0.146,-0.182,0.048,-0.073,-0.045,-0.080,-0.283,0.106,0.062,0.182,-0.275,0.183,-0.008,-0.139,-0.280,-0.146,0.322,-0.506,-0.197,0.217,-0.235,0.217,0.327,0.149,0.238,0.006,0.222,0.097,0.186,0.272,0.139,-0.294,-0.135,0.262,-0.359,-0.076,0.050,0.329,-0.120,0.108,-0.093,0.115,0.281,0.197,0.276,0.106,-0.169,-0.002,-0.401,0.121,0.136,0.019,0.303,0.280,-0.117,0.158,0.040,-0.227,-0.246,0.224,-0.009,0.026,0.004,-0.099,-0.147,-0.333,0.260,0.094,-0.143,0.049,0.388,-0.523,0.139,0.001,0.376,-0.158,-0.380,0.140,0.174,-0.211,-0.259,0.068,0.172,-0.213,-0.097,0.208,0.208,-0.262,0.163,-0.410,0.288,-0.225,0.287,0.259,-0.274,0.116,0.027,0.319,0.320,-0.128,0.111,-0.261,-0.324,0.245,-0.015,-0.083,-0.044,-0.208,0.274,0.038,-0.319,0.255,-0.234,0.045,-0.405,0.124,-0.125,0.219,0.070,0.020,[423],104,79,16,1,,54
,[427],-0.253,0.415,0.384,-0.255,0.387,-0.434,-0.299,-0.357,-0.359,-0.025,0.127,-0.165,-0.294,-0.397,-0.205,0.023,0.155,0.119,0.047,-0.092,0.134,0.108,0.405,0.307,1.000,0.372,0.547,0.207,0.408,0.342,0.390,0.373,0.188,0.017,0.354,0.098,0.204,0.110,-0.179,0.292,0.241,0.048,-0.020,0.190,0.168,-0.295,-0.641,-0.270,0.826,-0.015,-0.103,0.161,-0.347,-0.381,0.441,0.401,0.180,0.006,0.179,-0.113,-0.062,0.260,-0.153,-0.078,0.039,0.517,0.123,-0.218,-0.099,-0.442,-0.326,0.231,0.161,-0.217,-0.090,0.062,-0.092,0.223,0.163,0.071,0.179,0.330,0.371,-0.020,0.179,-0.172,0.215,0.001,-0.154,0.270,-0.016,-0.158,0.223,0.068,0.115,-0.147,0.302,-0.240,0.130,0.080,0.127,-0.103,0.023,0.203,0.011,-0.220,-0.066,-0.051,0.023,-0.003,0.095,-0.113,0.021,0.050,0.064,-0.125,0.005,-0.003,-0.100,0.168,0.096,-0.441,0.003,-0.004,-0.167,0.143,-0.028,0.052,0.072,0.436,-0.191,0.053,-0.055,0.015,0.200,-0.033,0.118,0.430,-0.448,-0.324,-0.386,0.148,0.073,0.141,-0.123,-0.040,0.045,-0.060,-0.056,0.000,0.091,-0.022,-0.494,0.122,0.024,0.312,0.156,0.010,-0.063,0.031,-0.203,0.043,0.035,0.231,0.021,0.219,0.171,0.036,-0.194,-0.178,0.059,0.082,0.321,0.090,0.072,-0.120,-0.171,-0.007,-0.271,0.259,-0.084,0.009,0.228,-0.030,-0.145,0.464,0.133,0.007,0.182,-0.206,0.310,0.120,0.125,-0.052,0.086,0.161,0.324,-0.058,-0.099,-0.235,[427],128,54,16,2,,75
,[428],0.051,0.113,0.086,0.032,0.072,-0.337,0.009,-0.146,-0.057,-0.157,0.200,0.087,0.012,0.172,-0.157,-0.124,0.237,-0.025,-0.031,0.090,-0.165,-0.325,0.472,0.350,0.372,1.000,0.517,0.567,0.612,0.155,0.264,0.182,0.309,-0.024,0.412,-0.107,0.142,-0.010,0.199,0.261,0.009,-0.079,-0.049,-0.096,-0.038,-0.364,-0.238,-0.284,-0.067,0.458,0.049,0.168,-0.207,-0.216,-0.144,-0.142,-0.097,-0.053,0.051,-0.163,-0.346,0.003,0.006,-0.171,0.311,0.215,0.012,-0.181,-0.195,-0.253,-0.410,-0.246,-0.091,-0.274,-0.084,-0.153,0.115,0.296,-0.170,-0.189,0.072,0.193,0.341,-0.143,-0.029,0.157,-0.031,-0.159,-0.138,0.093,0.010,-0.012,0.185,0.073,0.154,-0.088,0.089,-0.061,0.175,0.073,-0.247,-0.044,0.008,0.288,-0.162,0.120,-0.096,-0.169,0.243,-0.019,0.056,-0.082,0.137,-0.017,0.244,-0.161,-0.135,0.150,-0.096,0.243,-0.044,-0.361,-0.199,0.091,-0.027,0.031,-0.246,0.202,-0.100,0.293,-0.088,-0.207,-0.063,0.064,0.177,0.163,0.026,0.106,-0.364,-0.091,-0.369,-0.104,0.207,-0.092,-0.247,-0.115,0.218,-0.140,-0.110,-0.142,0.146,-0.123,-0.035,-0.289,0.383,0.344,-0.127,0.126,-0.050,-0.194,-0.139,0.106,-0.091,0.030,-0.194,0.204,0.122,0.142,-0.254,-0.176,0.078,-0.004,0.055,0.151,-0.281,-0.294,-0.138,-0.096,0.041,0.063,-0.061,-0.168,0.118,0.202,0.014,0.237,-0.005,-0.048,0.143,-0.241,-0.067,0.141,0.002,-0.096,-0.028,-0.027,0.199,0.244,-0.050,-0.128,[428],145,47,7,1,,78
,[429],-0.237,0.491,0.477,-0.293,0.472,-0.774,0.194,-0.134,0.076,0.107,0.514,-0.182,-0.279,-0.103,0.001,0.240,-0.017,0.280,0.359,-0.165,-0.249,-0.230,0.310,-0.002,0.547,0.517,1.000,0.483,0.483,0.141,0.388,0.512,0.359,0.425,0.332,0.183,0.020,0.137,-0.159,0.035,-0.108,0.024,-0.176,0.041,0.456,-0.158,-0.520,-0.257,0.267,0.386,0.131,0.475,-0.081,-0.281,-0.218,0.327,-0.002,-0.159,0.121,-0.034,-0.464,0.231,0.156,0.182,0.357,0.319,0.264,-0.259,-0.008,-0.278,-0.309,-0.062,0.254,0.066,-0.395,0.120,0.412,-0.065,0.202,-0.170,0.443,0.686,0.231,-0.028,0.021,-0.097,0.191,-0.078,-0.012,0.198,-0.101,-0.432,0.243,0.312,0.278,0.128,-0.053,0.206,0.308,0.021,0.090,-0.119,0.162,0.050,-0.152,0.024,-0.490,-0.239,-0.167,0.045,0.061,0.264,-0.150,0.044,0.294,0.062,-0.337,-0.209,0.093,0.053,0.431,-0.560,-0.239,-0.245,0.095,0.016,0.156,0.030,0.124,0.244,0.000,-0.128,-0.457,-0.288,0.105,-0.296,0.366,0.454,-0.366,-0.226,-0.382,-0.171,0.387,0.066,-0.333,0.273,0.024,-0.143,-0.051,-0.258,-0.097,0.176,-0.534,-0.201,0.199,0.417,0.199,-0.279,-0.298,0.207,-0.269,-0.159,0.138,0.544,-0.323,0.175,0.008,-0.028,-0.111,0.090,-0.129,0.373,0.122,-0.080,0.237,-0.075,-0.143,-0.264,-0.501,0.198,-0.412,0.288,0.318,-0.164,-0.007,0.213,0.110,-0.077,-0.254,-0.173,0.321,-0.100,0.134,-0.464,0.281,-0.291,0.488,0.129,-0.380,0.049,[429],99,69,30,2,,47
,[431],-0.189,0.446,0.431,-0.338,0.426,-0.530,0.437,0.193,0.285,0.021,0.469,-0.146,0.159,0.246,-0.021,0.222,0.283,0.005,-0.007,-0.165,-0.685,-0.534,0.343,-0.010,0.207,0.567,0.483,1.000,0.681,0.051,0.235,0.421,0.471,-0.018,0.692,0.120,0.349,0.180,-0.081,-0.191,-0.204,-0.355,-0.307,-0.355,-0.151,-0.353,-0.541,-0.479,-0.153,0.678,0.111,0.192,-0.367,-0.456,-0.403,-0.281,-0.002,0.024,0.198,-0.228,-0.812,0.187,-0.208,-0.184,0.157,0.368,0.148,-0.146,-0.392,-0.089,-0.244,-0.130,0.005,-0.294,-0.292,-0.103,0.114,0.308,0.124,-0.088,0.141,0.365,0.620,-0.408,0.304,0.111,-0.060,-0.101,-0.266,0.295,0.106,0.000,0.288,-0.131,0.070,-0.099,-0.054,-0.035,0.187,0.200,-0.070,0.061,0.025,0.334,-0.022,0.200,-0.178,-0.178,0.066,-0.118,-0.001,0.031,0.275,-0.172,0.385,-0.275,0.120,0.241,-0.360,0.255,-0.045,-0.609,-0.342,-0.261,-0.220,-0.059,-0.039,0.430,-0.033,0.390,0.177,-0.184,-0.319,0.189,0.370,0.060,0.007,0.425,-0.546,-0.315,-0.614,-0.386,0.349,0.193,-0.374,-0.138,0.304,-0.085,-0.369,-0.095,0.186,-0.096,-0.442,-0.635,0.021,0.331,0.088,0.160,0.095,-0.162,-0.121,0.147,-0.131,0.145,-0.296,0.266,0.159,0.008,-0.327,-0.238,-0.108,0.145,-0.094,-0.060,-0.241,-0.293,-0.110,-0.058,-0.358,-0.070,-0.138,0.003,0.638,0.206,0.033,0.117,-0.141,0.027,0.094,-0.363,0.178,-0.179,0.226,-0.307,0.144,-0.024,0.507,0.038,-0.146,-0.293,[431],106,62,30,2,,49
,[432],-0.151,0.379,0.357,-0.143,0.349,-0.569,0.071,-0.252,0.116,-0.023,0.347,0.160,0.097,0.148,-0.059,0.088,0.446,0.023,0.001,0.101,-0.476,-0.518,0.459,0.145,0.408,0.612,0.483,0.681,1.000,0.149,0.358,0.379,0.450,0.074,0.764,-0.134,0.037,0.008,-0.035,-0.007,-0.099,-0.335,-0.247,-0.257,-0.135,-0.336,-0.623,-0.476,0.127,0.416,-0.010,0.389,-0.489,-0.485,-0.204,-0.178,-0.219,0.156,0.115,-0.313,-0.439,0.111,0.021,-0.273,0.398,0.267,0.226,-0.208,-0.418,-0.133,-0.288,-0.200,0.140,-0.341,-0.052,-0.144,0.232,0.365,-0.157,-0.251,0.081,0.259,0.501,-0.533,0.111,0.483,-0.192,-0.128,-0.150,0.290,-0.075,-0.013,0.243,0.069,0.213,-0.266,-0.038,0.124,0.291,0.371,-0.359,0.016,0.071,0.387,-0.142,0.381,-0.286,-0.212,0.291,0.109,0.011,-0.075,0.116,-0.257,0.221,-0.349,-0.125,0.282,-0.126,0.240,-0.052,-0.423,-0.496,-0.046,0.022,0.170,-0.225,0.551,-0.268,0.407,0.104,-0.340,-0.215,0.212,0.194,0.089,0.134,0.134,-0.617,-0.339,-0.698,-0.326,0.407,-0.013,-0.347,-0.158,0.359,-0.111,-0.426,-0.158,0.102,-0.037,-0.434,-0.505,0.088,0.464,-0.087,0.223,-0.018,-0.082,-0.199,-0.063,0.168,0.130,-0.357,0.228,0.218,0.046,-0.227,-0.157,0.209,0.216,0.034,-0.067,-0.191,-0.545,0.012,-0.228,-0.159,-0.030,-0.249,0.056,0.396,0.166,-0.235,0.301,-0.165,-0.250,0.136,-0.357,0.077,0.093,0.113,-0.252,-0.157,0.029,0.414,0.243,-0.122,-0.327,[432],95,70,33,2,,45
