


,,[237],[240],[243],[264],[268],[272],[273],[274],[275],[300],[303],[306],[307],[308],[309],[333],[335],[336],[338],[366],[367],[368],[369],[370],[397],[400],[401],[402],[420],[428],[432],[464],[465],[498],[526],[527],[529],[563],[590],[591],[622],[623],[628],[654],[655],[656],[660],[684],[686],[687],[688],[689],[690],[693],[718],[719],[722],[723],[750],[755],[756],[782],[788],[789],[814],[821],[822],[845],[877],[903],[909],[919],[920],[941],,0~0.2,0.2~0.4,0.4~0.7,0.7~1,,0~0.1
,[237],1.000,-0.165,0.257,-0.497,0.492,-0.362,0.084,0.176,-0.210,0.458,0.229,0.226,-0.158,-0.210,0.297,-0.369,0.502,-0.364,-0.414,0.088,0.015,-0.188,0.329,-0.363,0.132,-0.094,0.051,-0.249,-0.476,0.144,-0.180,-0.322,-0.092,0.121,0.050,-0.058,0.554,0.232,-0.084,0.318,-0.167,0.092,0.371,-0.377,-0.022,0.249,-0.288,0.648,-0.527,0.002,-0.119,-0.357,-0.125,0.450,0.328,-0.245,-0.173,0.085,0.395,-0.235,-0.118,-0.120,-0.094,-0.053,0.084,-0.135,-0.182,-0.238,0.328,-0.080,0.227,-0.087,-0.264,-0.414,[237],34,28,11,1,,18
,[240],-0.165,1.000,-0.535,-0.188,0.044,0.302,-0.259,-0.148,-0.198,-0.362,-0.109,-0.177,-0.061,0.112,-0.234,0.000,-0.474,0.478,0.421,0.107,-0.143,0.160,0.367,0.212,0.008,-0.359,-0.381,0.125,0.553,-0.032,0.311,0.013,-0.112,-0.158,0.367,-0.009,-0.252,-0.379,-0.009,-0.045,0.051,-0.153,-0.502,0.250,-0.307,-0.287,0.211,-0.245,0.166,-0.121,0.375,-0.174,-0.135,-0.238,-0.171,-0.036,-0.146,-0.281,-0.183,-0.124,-0.126,0.151,0.062,0.203,0.219,0.058,0.393,0.015,-0.233,0.258,0.271,0.350,0.156,0.106,[240],40,27,6,1,,14
,[243],0.257,-0.535,1.000,-0.049,0.117,-0.098,0.128,0.267,-0.020,0.293,0.363,0.083,0.077,0.074,0.421,-0.165,0.442,-0.383,-0.253,-0.114,0.338,-0.179,-0.271,-0.110,-0.007,0.424,0.509,0.174,-0.664,0.055,-0.369,-0.105,0.318,0.186,-0.350,0.027,0.173,0.373,-0.118,0.222,-0.127,0.064,0.416,0.039,0.024,0.345,-0.539,0.312,-0.201,-0.031,-0.254,-0.138,0.029,0.336,0.219,-0.129,-0.039,0.209,0.174,-0.010,-0.174,-0.086,-0.102,-0.301,-0.486,-0.050,-0.431,0.106,0.177,-0.281,-0.420,-0.111,-0.185,-0.165,[243],40,22,11,1,,18
,[264],-0.497,-0.188,-0.049,1.000,-0.759,0.418,0.156,0.163,0.411,-0.200,-0.475,0.111,0.279,0.478,-0.285,0.715,-0.165,0.057,0.126,-0.206,0.043,-0.079,-0.534,0.417,-0.260,0.526,0.403,0.144,0.263,-0.406,0.037,0.411,0.425,-0.059,-0.410,-0.238,-0.443,-0.144,0.267,-0.425,0.495,-0.263,-0.104,0.359,0.320,-0.351,0.152,-0.644,0.251,0.072,-0.083,0.605,0.070,-0.211,-0.225,0.032,0.030,-0.134,-0.167,0.068,-0.020,-0.276,-0.107,-0.143,-0.146,0.118,-0.376,-0.075,-0.260,0.097,-0.432,-0.315,0.174,0.485,[264],32,19,20,3,,15
,[268],0.492,0.044,0.117,-0.759,1.000,-0.315,-0.112,-0.029,-0.206,0.037,0.426,-0.213,-0.150,-0.303,0.213,-0.552,0.023,0.100,-0.282,-0.039,-0.060,0.156,0.390,-0.218,0.027,-0.482,-0.378,-0.064,-0.358,0.244,0.124,-0.420,-0.342,0.010,0.394,0.115,0.382,0.111,-0.234,0.315,-0.361,0.073,-0.040,-0.336,-0.067,0.268,-0.274,0.498,-0.228,-0.076,0.098,-0.521,0.250,0.222,0.211,0.031,-0.034,0.383,0.274,-0.069,0.146,0.137,0.097,0.106,0.022,-0.064,0.103,0.018,0.215,0.006,0.366,0.274,-0.162,-0.435,[268],35,29,8,2,,23
,[272],-0.362,0.302,-0.098,0.418,-0.315,1.000,-0.102,0.399,0.025,-0.549,-0.188,-0.240,0.109,0.604,-0.074,0.413,-0.352,0.369,0.456,-0.159,0.007,0.204,-0.173,0.434,-0.294,0.032,0.009,0.554,0.348,-0.342,0.033,0.525,0.471,-0.287,-0.012,-0.323,-0.614,-0.483,0.035,-0.268,0.420,-0.303,-0.433,0.789,-0.266,-0.477,-0.123,-0.655,0.115,0.051,0.180,0.129,-0.064,-0.004,-0.320,0.013,-0.113,-0.241,-0.281,-0.170,-0.138,0.059,-0.295,0.140,-0.262,-0.231,-0.240,-0.110,-0.441,0.432,-0.317,0.286,0.104,0.438,[272],29,25,18,2,,14
,[273],0.084,-0.259,0.128,0.156,-0.112,-0.102,1.000,-0.002,0.401,0.321,0.047,0.044,0.039,-0.140,0.032,-0.047,0.380,-0.552,-0.214,-0.147,0.469,-0.114,-0.288,-0.175,-0.082,0.184,0.037,-0.139,-0.182,-0.113,-0.269,0.293,-0.026,0.547,-0.459,0.293,0.244,0.493,-0.523,0.578,-0.227,0.145,0.469,-0.015,0.207,0.365,0.218,0.174,0.108,0.069,-0.133,0.437,-0.223,0.418,-0.245,0.012,0.098,-0.091,0.347,0.153,-0.026,0.175,0.011,-0.466,-0.069,0.096,0.023,0.348,-0.257,-0.147,-0.167,-0.085,-0.251,-0.069,[273],42,19,12,1,,22
,[274],0.176,-0.148,0.267,0.163,-0.029,0.399,-0.002,1.000,0.037,-0.042,0.064,-0.186,-0.209,0.283,-0.041,0.301,0.166,-0.034,-0.002,-0.323,0.209,0.303,-0.339,0.089,-0.341,-0.044,0.198,0.328,-0.073,-0.242,-0.169,0.243,0.558,-0.304,-0.133,-0.336,-0.260,-0.226,0.112,-0.083,0.321,-0.329,0.073,0.514,0.054,-0.219,-0.415,-0.165,-0.210,0.071,0.008,0.061,0.086,0.426,-0.023,-0.055,-0.198,-0.084,0.053,-0.206,-0.153,-0.172,-0.259,0.196,-0.283,-0.207,-0.466,-0.225,-0.106,0.156,-0.021,-0.129,-0.236,0.179,[274],41,27,5,1,,23
,[275],-0.210,-0.198,-0.020,0.411,-0.206,0.025,0.401,0.037,1.000,0.084,-0.192,0.102,-0.012,0.038,-0.077,0.182,0.069,-0.122,-0.044,-0.139,0.369,0.210,-0.469,-0.119,-0.095,0.092,-0.062,0.134,0.051,-0.155,0.027,0.300,0.094,0.310,-0.326,-0.050,-0.075,0.306,-0.327,-0.019,-0.043,0.104,0.214,0.128,0.456,0.110,0.296,-0.063,0.117,0.136,0.023,0.603,0.085,-0.019,-0.128,-0.005,0.146,-0.049,0.166,0.141,-0.020,-0.015,-0.048,-0.382,0.050,0.100,-0.165,0.144,-0.162,-0.237,-0.132,-0.415,-0.279,0.014,[275],53,14,6,1,,31
,[300],0.458,-0.362,0.293,-0.200,0.037,-0.549,0.321,-0.042,0.084,1.000,0.284,0.424,0.155,-0.344,0.285,-0.231,0.741,-0.760,-0.380,0.054,0.450,-0.341,-0.004,-0.680,0.180,0.270,0.249,-0.285,-0.475,0.173,-0.425,-0.090,-0.112,0.463,-0.514,0.319,0.451,0.786,-0.142,0.329,-0.470,0.432,0.847,-0.385,0.052,0.569,0.032,0.591,-0.232,-0.053,-0.094,0.160,-0.323,0.318,0.365,0.076,-0.093,-0.118,0.201,0.110,-0.264,0.017,0.129,-0.424,0.022,0.193,-0.133,0.119,0.420,-0.589,-0.212,-0.387,-0.392,-0.367,[300],26,26,17,5,,14
,[303],0.229,-0.109,0.363,-0.475,0.426,-0.188,0.047,0.064,-0.192,0.284,1.000,-0.225,-0.067,-0.286,0.292,-0.466,0.375,-0.236,-0.373,-0.296,0.232,0.032,0.261,-0.355,-0.210,-0.085,-0.125,0.088,-0.450,0.020,-0.088,-0.116,-0.124,0.145,0.000,0.336,0.232,0.339,-0.413,0.507,-0.549,0.318,0.320,-0.168,-0.222,0.293,-0.330,0.402,0.070,-0.123,0.222,-0.284,-0.066,0.466,0.129,0.318,-0.115,0.121,0.075,-0.069,-0.108,0.469,-0.023,-0.108,-0.275,-0.077,0.063,0.390,0.118,-0.250,-0.005,0.313,-0.160,-0.328,[303],33,30,10,1,,17
,[306],0.226,-0.177,0.083,0.111,-0.213,-0.240,0.044,-0.186,0.102,0.424,-0.225,1.000,0.192,0.076,0.241,-0.055,0.236,-0.207,0.117,0.197,-0.078,-0.395,0.016,-0.141,0.240,0.231,0.301,-0.437,-0.120,0.147,-0.239,0.047,-0.044,0.140,-0.172,-0.084,0.321,0.245,0.218,-0.081,0.082,0.095,0.250,-0.246,0.116,0.125,-0.014,0.134,-0.323,0.204,-0.313,0.175,-0.028,-0.097,0.228,-0.329,0.074,-0.102,0.263,0.217,-0.158,-0.232,0.187,-0.196,0.081,0.135,-0.120,-0.231,0.247,-0.007,0.001,-0.278,-0.112,0.155,[306],43,28,2,1,,19
,[307],-0.158,-0.061,0.077,0.279,-0.150,0.109,0.039,-0.209,-0.012,0.155,-0.067,0.192,1.000,0.386,-0.093,0.199,-0.075,0.038,0.158,0.069,-0.038,-0.284,0.065,-0.062,0.066,0.253,0.013,-0.046,0.059,-0.074,0.110,0.122,-0.061,0.166,-0.314,0.220,-0.019,0.188,0.083,0.005,-0.142,-0.087,0.067,0.015,0.087,0.092,0.194,-0.295,0.206,-0.157,-0.069,0.216,-0.026,-0.108,0.005,0.122,-0.077,0.014,-0.077,0.035,-0.017,-0.069,0.021,-0.245,-0.134,0.164,-0.276,0.213,-0.005,-0.154,-0.358,0.042,0.052,-0.084,[307],59,14,0,1,,40
,[308],-0.210,0.112,0.074,0.478,-0.303,0.604,-0.140,0.283,0.038,-0.344,-0.286,0.076,0.386,1.000,0.050,0.358,-0.270,0.326,0.346,-0.233,-0.145,-0.066,-0.199,0.373,-0.279,0.127,0.051,0.355,0.120,-0.329,0.260,0.343,0.411,-0.314,-0.024,-0.268,-0.394,-0.367,0.258,-0.218,0.397,-0.469,-0.284,0.459,-0.000,-0.428,-0.176,-0.642,0.026,0.048,-0.024,0.147,0.064,-0.037,-0.261,-0.157,-0.022,-0.043,-0.071,-0.044,0.028,-0.165,-0.132,0.097,-0.306,-0.094,-0.506,-0.132,-0.308,0.325,-0.205,-0.008,0.252,0.352,[308],33,32,8,1,,21
,[309],0.297,-0.234,0.421,-0.285,0.213,-0.074,0.032,-0.041,-0.077,0.285,0.292,0.241,-0.093,0.050,1.000,-0.573,0.422,-0.275,-0.014,0.160,0.070,-0.222,-0.021,-0.374,0.199,0.074,0.193,-0.066,-0.683,0.182,-0.419,0.154,-0.044,0.139,0.115,0.132,0.144,0.301,-0.088,0.249,-0.236,0.348,0.332,-0.085,-0.360,0.276,-0.367,0.309,-0.494,0.395,-0.135,-0.187,-0.093,0.340,0.100,-0.032,-0.044,0.032,0.204,-0.016,-0.122,0.276,-0.004,-0.182,-0.357,-0.053,-0.273,-0.138,0.169,0.061,-0.082,-0.085,-0.233,0.021,[309],41,26,6,1,,26
,[333],-0.369,0.000,-0.165,0.715,-0.552,0.413,-0.047,0.301,0.182,-0.231,-0.466,-0.055,0.199,0.358,-0.573,1.000,-0.289,0.177,0.137,-0.249,0.073,0.115,-0.391,0.418,-0.358,0.303,0.232,0.291,0.463,-0.437,0.134,0.137,0.522,-0.215,-0.402,-0.359,-0.482,-0.263,0.286,-0.475,0.518,-0.420,-0.230,0.414,0.299,-0.320,0.085,-0.549,0.300,-0.200,-0.035,0.366,0.004,-0.291,-0.083,-0.151,-0.044,-0.203,-0.242,0.006,-0.018,-0.421,-0.086,0.110,0.109,0.084,-0.230,-0.085,-0.183,-0.002,-0.290,-0.152,0.159,0.349,[333],29,27,16,2,,15
,[335],0.502,-0.474,0.442,-0.165,0.023,-0.352,0.380,0.166,0.069,0.741,0.375,0.236,-0.075,-0.270,0.422,-0.289,1.000,-0.817,-0.503,-0.005,0.391,-0.427,-0.070,-0.548,0.121,0.330,0.369,-0.182,-0.678,0.083,-0.576,0.082,0.056,0.422,-0.396,0.289,0.412,0.633,-0.214,0.430,-0.407,0.520,0.831,-0.268,-0.058,0.407,-0.116,0.620,-0.300,0.020,-0.032,0.112,-0.379,0.714,0.234,0.103,-0.054,-0.205,0.277,0.017,-0.361,0.230,-0.059,-0.433,-0.221,-0.030,-0.346,0.103,0.328,-0.402,-0.250,-0.301,-0.464,-0.299,[335],23,26,20,5,,15
,[336],-0.364,0.478,-0.383,0.057,0.100,0.369,-0.552,-0.034,-0.122,-0.760,-0.236,-0.207,0.038,0.326,-0.275,0.177,-0.817,1.000,0.426,-0.010,-0.463,0.420,0.125,0.460,-0.109,-0.363,-0.348,0.185,0.504,-0.084,0.494,-0.104,0.029,-0.497,0.585,-0.296,-0.362,-0.654,0.253,-0.412,0.399,-0.493,-0.878,0.222,0.037,-0.491,-0.055,-0.564,0.161,0.012,0.081,-0.227,0.411,-0.524,-0.176,-0.079,-0.004,0.135,-0.196,-0.057,0.236,-0.104,0.098,0.462,0.160,0.068,0.101,-0.176,-0.236,0.449,0.326,0.335,0.361,0.358,[336],30,21,19,4,,16
,[338],-0.414,0.421,-0.253,0.126,-0.282,0.456,-0.214,-0.002,-0.044,-0.380,-0.373,0.117,0.158,0.346,-0.014,0.137,-0.503,0.426,1.000,0.300,-0.118,0.154,-0.205,0.212,0.187,-0.111,-0.097,0.014,0.551,0.128,-0.037,0.294,0.060,-0.229,0.117,-0.161,-0.368,-0.406,0.276,-0.270,0.282,-0.292,-0.434,0.482,-0.195,-0.178,0.114,-0.514,-0.045,0.166,-0.225,0.078,-0.043,-0.417,-0.222,-0.334,-0.048,-0.183,-0.135,0.008,0.061,-0.061,0.006,0.172,-0.061,0.015,0.140,-0.096,-0.305,0.444,0.047,0.175,0.007,0.503,[338],40,20,13,1,,20
,[366],0.088,0.107,-0.114,-0.206,-0.039,-0.159,-0.147,-0.323,-0.139,0.054,-0.296,0.197,0.069,-0.233,0.160,-0.249,-0.005,-0.010,0.300,1.000,-0.276,-0.123,0.149,-0.136,0.812,-0.016,-0.039,-0.295,0.091,0.506,-0.299,0.072,-0.270,0.065,0.134,0.039,0.170,-0.003,0.132,-0.014,0.026,0.087,-0.048,-0.156,-0.104,0.081,0.240,0.073,-0.206,0.219,-0.347,-0.026,-0.027,-0.258,-0.008,-0.202,0.087,-0.080,0.169,0.033,-0.059,-0.058,0.072,-0.050,0.301,0.032,0.070,-0.093,0.034,0.099,0.189,-0.070,-0.027,-0.008,[366],54,17,1,2,,37
,[367],0.015,-0.143,0.338,0.043,-0.060,0.007,0.469,0.209,0.369,0.450,0.232,-0.078,-0.038,-0.145,0.070,0.073,0.391,-0.463,-0.118,-0.276,1.000,0.078,-0.417,-0.376,-0.193,0.248,0.181,0.276,-0.258,-0.181,-0.268,0.038,0.207,0.478,-0.544,0.191,-0.048,0.585,-0.376,0.259,-0.306,0.245,0.517,0.291,0.041,0.423,-0.047,0.211,0.045,-0.068,0.132,0.251,-0.308,0.220,0.110,0.021,-0.099,-0.195,-0.053,0.049,-0.268,0.104,-0.079,-0.403,-0.113,0.039,-0.166,0.236,0.021,-0.460,-0.433,-0.190,-0.340,-0.099,[367],37,24,12,1,,23
,[368],-0.188,0.160,-0.179,-0.079,0.156,0.204,-0.114,0.303,0.210,-0.341,0.032,-0.395,-0.284,-0.066,-0.222,0.115,-0.427,0.420,0.154,-0.123,0.078,1.000,-0.172,0.078,-0.161,-0.510,-0.446,0.338,0.343,-0.079,0.220,-0.021,0.123,-0.158,0.262,-0.245,-0.181,-0.213,-0.212,-0.053,0.005,-0.360,-0.313,0.359,0.314,-0.023,0.032,-0.196,0.110,-0.115,0.030,-0.054,0.238,-0.178,0.002,-0.004,0.014,-0.003,-0.152,-0.008,0.052,-0.179,0.011,0.194,0.245,0.030,0.086,0.017,-0.104,0.044,0.308,-0.068,-0.115,0.042,[368],48,21,4,1,,26
,[369],0.329,0.367,-0.271,-0.534,0.390,-0.173,-0.288,-0.339,-0.469,-0.004,0.261,0.016,0.065,-0.199,-0.021,-0.391,-0.070,0.125,-0.205,0.149,-0.417,-0.172,1.000,-0.041,0.079,-0.399,-0.414,-0.155,0.017,0.115,0.234,-0.271,-0.345,-0.096,0.455,0.125,0.364,-0.110,-0.109,0.201,-0.210,0.132,-0.144,-0.342,-0.407,-0.152,0.038,0.248,-0.045,-0.074,0.324,-0.437,-0.006,0.065,0.007,0.176,-0.036,0.058,0.015,-0.122,-0.015,0.265,0.053,0.233,0.182,-0.092,0.345,-0.036,0.063,0.123,0.393,0.416,0.275,-0.371,[369],40,25,8,1,,23
,[370],-0.363,0.212,-0.110,0.417,-0.218,0.434,-0.175,0.089,-0.119,-0.680,-0.355,-0.141,-0.062,0.373,-0.374,0.418,-0.548,0.460,0.212,-0.136,-0.376,0.078,-0.041,1.000,-0.235,0.047,0.100,0.259,0.349,-0.179,0.307,0.098,0.270,-0.439,0.149,-0.357,-0.366,-0.659,0.330,-0.283,0.666,-0.633,-0.652,0.335,0.017,-0.642,-0.132,-0.571,0.213,-0.048,0.025,0.012,0.330,-0.306,-0.477,-0.169,-0.006,0.150,-0.024,-0.116,0.196,-0.310,-0.110,0.357,-0.105,-0.097,0.040,-0.238,-0.497,0.574,-0.027,0.283,0.478,0.466,[370],30,25,18,1,,16
,[397],0.132,0.008,-0.007,-0.260,0.027,-0.294,-0.082,-0.341,-0.095,0.180,-0.210,0.240,0.066,-0.279,0.199,-0.358,0.121,-0.109,0.187,0.812,-0.193,-0.161,0.079,-0.235,1.000,0.053,0.036,-0.341,-0.038,0.779,-0.280,-0.018,-0.332,0.140,0.045,0.141,0.264,0.146,0.128,0.085,-0.136,0.198,0.088,-0.244,0.033,0.280,0.230,0.254,-0.194,0.128,-0.373,-0.090,-0.097,-0.197,0.099,-0.139,0.074,-0.100,0.216,0.035,-0.085,-0.112,0.063,-0.160,0.208,0.053,0.097,-0.020,0.164,-0.029,0.073,-0.155,-0.074,-0.178,[397],52,19,0,3,,28
,[400],-0.094,-0.359,0.424,0.526,-0.482,0.032,0.184,-0.044,0.092,0.270,-0.085,0.231,0.253,0.127,0.074,0.303,0.330,-0.363,-0.111,-0.016,0.248,-0.510,-0.399,0.047,0.053,1.000,0.778,0.018,-0.264,-0.083,-0.373,0.095,0.275,0.216,-0.602,-0.043,-0.139,0.256,0.172,-0.122,0.175,0.156,0.290,-0.029,0.085,0.108,-0.046,-0.023,0.072,-0.042,-0.252,0.240,-0.149,0.010,0.028,-0.056,0.000,-0.019,-0.006,0.165,-0.098,-0.150,0.088,-0.420,-0.255,0.261,-0.360,0.108,0.022,-0.200,-0.650,-0.191,0.107,0.126,[400],44,21,7,2,,28
,[401],0.051,-0.381,0.509,0.403,-0.378,0.009,0.037,0.198,-0.062,0.249,-0.125,0.301,0.013,0.051,0.193,0.232,0.369,-0.348,-0.097,-0.039,0.181,-0.446,-0.414,0.100,0.036,0.778,1.000,-0.124,-0.361,-0.064,-0.499,0.057,0.421,-0.039,-0.464,-0.151,-0.102,0.150,0.372,-0.252,0.343,0.013,0.257,0.027,-0.001,0.082,-0.290,0.083,-0.167,0.043,-0.335,0.062,-0.133,0.076,0.104,-0.155,-0.107,-0.070,0.109,-0.016,-0.255,-0.284,-0.071,-0.194,-0.329,0.063,-0.342,-0.160,0.123,-0.028,-0.478,-0.280,-0.021,0.192,[401],45,19,8,2,,27
,[402],-0.249,0.125,0.174,0.144,-0.064,0.554,-0.139,0.328,0.134,-0.285,0.088,-0.437,-0.046,0.355,-0.066,0.291,-0.182,0.185,0.014,-0.295,0.276,0.338,-0.155,0.259,-0.341,0.018,-0.124,1.000,0.054,-0.309,0.206,0.143,0.395,-0.087,-0.142,-0.149,-0.575,-0.147,-0.251,-0.056,0.078,-0.096,-0.132,0.527,-0.134,-0.289,-0.199,-0.305,0.287,-0.149,0.443,-0.014,0.058,0.044,-0.163,0.097,-0.153,0.004,-0.332,-0.210,-0.029,0.098,-0.295,0.068,-0.157,-0.189,-0.198,0.117,-0.268,-0.136,-0.367,0.176,0.184,0.006,[402],46,22,5,1,,20
,[420],-0.476,0.553,-0.664,0.263,-0.358,0.348,-0.182,-0.073,0.051,-0.475,-0.450,-0.120,0.059,0.120,-0.683,0.463,-0.678,0.504,0.551,0.091,-0.258,0.343,0.017,0.349,-0.038,-0.264,-0.361,0.054,1.000,-0.095,0.349,0.082,-0.049,-0.211,0.098,-0.140,-0.317,-0.489,0.170,-0.365,0.275,-0.328,-0.567,0.278,0.153,-0.348,0.498,-0.506,0.380,-0.181,0.039,0.183,-0.010,-0.544,-0.174,-0.067,0.030,-0.248,-0.296,0.024,0.067,-0.170,0.038,0.245,0.397,0.034,0.416,0.061,-0.275,0.202,0.185,0.150,0.150,0.222,[420],33,24,16,1,,20
,[428],0.144,-0.032,0.055,-0.406,0.244,-0.342,-0.113,-0.242,-0.155,0.173,0.020,0.147,-0.074,-0.329,0.182,-0.437,0.083,-0.084,0.128,0.506,-0.181,-0.079,0.115,-0.179,0.779,-0.083,-0.064,-0.309,-0.095,1.000,-0.188,-0.072,-0.324,0.084,0.087,0.125,0.283,0.115,0.094,0.144,-0.176,0.171,0.062,-0.260,0.071,0.349,0.066,0.352,-0.172,0.025,-0.358,-0.183,-0.025,-0.145,0.110,-0.101,0.100,-0.015,0.270,0.058,-0.010,-0.128,0.078,-0.068,0.100,0.013,0.191,0.020,0.178,-0.019,0.115,0.031,-0.065,-0.229,[428],56,13,3,2,,29
,[432],-0.180,0.311,-0.369,0.037,0.124,0.033,-0.269,-0.169,0.027,-0.425,-0.088,-0.239,0.110,0.260,-0.419,0.134,-0.576,0.494,-0.037,-0.299,-0.268,0.220,0.234,0.307,-0.280,-0.373,-0.499,0.206,0.349,-0.188,1.000,-0.247,-0.212,-0.186,0.320,-0.136,-0.189,-0.341,0.080,-0.176,0.024,-0.248,-0.446,-0.051,0.204,-0.321,0.211,-0.305,0.296,-0.166,0.411,-0.003,0.280,-0.332,0.000,0.111,0.069,0.172,-0.231,0.003,0.308,-0.158,0.070,0.301,0.233,-0.008,0.165,-0.124,-0.012,0.036,0.207,0.127,0.426,-0.068,[432],34,31,8,1,,17
,[464],-0.322,0.013,-0.105,0.411,-0.420,0.525,0.293,0.243,0.300,-0.090,-0.116,0.047,0.122,0.343,0.154,0.137,0.082,-0.104,0.294,0.072,0.038,-0.021,-0.271,0.098,-0.018,0.095,0.057,0.143,0.082,-0.072,-0.247,1.000,0.332,-0.004,-0.279,-0.045,-0.411,-0.076,-0.102,-0.044,0.176,0.022,0.047,0.582,-0.178,-0.162,0.125,-0.432,0.065,0.244,0.012,0.511,-0.080,0.276,-0.378,0.208,-0.095,-0.308,-0.009,-0.124,-0.199,0.255,-0.272,-0.184,-0.284,-0.090,-0.197,0.040,-0.356,0.247,-0.249,0.045,-0.088,0.357,[464],44,22,7,1,,28
,[465],-0.092,-0.112,0.318,0.425,-0.342,0.471,-0.026,0.558,0.094,-0.112,-0.124,-0.044,-0.061,0.411,-0.044,0.522,0.056,0.029,0.060,-0.270,0.207,0.123,-0.345,0.270,-0.332,0.275,0.421,0.395,-0.049,-0.324,-0.212,0.332,1.000,-0.321,-0.297,-0.316,-0.438,-0.224,0.193,-0.226,0.475,-0.369,0.023,0.563,0.093,-0.210,-0.431,-0.284,-0.013,-0.074,-0.152,0.086,0.053,0.177,-0.105,-0.161,-0.196,-0.157,0.020,-0.149,-0.213,-0.297,-0.207,0.094,-0.285,0.008,-0.462,-0.093,-0.158,0.105,-0.258,-0.150,0.005,0.291,[465],36,26,11,1,,21
,[498],0.121,-0.158,0.186,-0.059,0.010,-0.287,0.547,-0.304,0.310,0.463,0.145,0.140,0.166,-0.314,0.139,-0.215,0.422,-0.497,-0.229,0.065,0.478,-0.158,-0.096,-0.439,0.140,0.216,-0.039,-0.087,-0.211,0.084,-0.186,-0.004,-0.321,1.000,-0.424,0.515,0.327,0.682,-0.499,0.439,-0.666,0.573,0.490,-0.161,0.166,0.639,0.350,0.429,0.112,-0.204,0.084,0.311,-0.340,0.129,0.186,0.234,0.198,-0.187,0.038,0.310,-0.288,0.182,0.116,-0.824,0.126,0.167,0.074,0.360,0.174,-0.592,-0.282,-0.025,-0.361,-0.386,[498],34,21,17,2,,12
,[526],0.050,0.367,-0.350,-0.410,0.394,-0.012,-0.459,-0.133,-0.326,-0.514,0.000,-0.172,-0.314,-0.024,0.115,-0.402,-0.396,0.585,0.117,0.134,-0.544,0.262,0.455,0.149,0.045,-0.602,-0.464,-0.142,0.098,0.087,0.320,-0.279,-0.297,-0.424,1.000,-0.123,0.117,-0.519,0.113,-0.043,0.122,-0.182,-0.522,-0.154,-0.242,-0.405,-0.132,-0.089,-0.229,0.284,0.145,-0.462,0.296,-0.092,-0.083,-0.057,0.098,0.169,-0.029,-0.039,0.210,0.170,0.170,0.520,0.075,-0.048,0.184,-0.296,-0.037,0.524,0.679,0.151,0.204,0.151,[526],39,17,17,1,,18
,[527],-0.058,-0.009,0.027,-0.238,0.115,-0.323,0.293,-0.336,-0.050,0.319,0.336,-0.084,0.220,-0.268,0.132,-0.359,0.289,-0.296,-0.161,0.039,0.191,-0.245,0.125,-0.357,0.141,-0.043,-0.151,-0.149,-0.140,0.125,-0.136,-0.045,-0.316,0.515,-0.123,1.000,0.245,0.419,-0.276,0.528,-0.626,0.389,0.338,-0.277,-0.019,0.462,0.113,0.355,0.431,-0.275,0.131,-0.099,-0.232,0.163,-0.118,0.367,-0.053,-0.074,0.124,-0.016,-0.131,0.383,-0.041,-0.325,0.048,-0.011,0.286,0.653,-0.033,-0.414,-0.028,0.095,-0.274,-0.366,[527],37,28,8,1,,19
,[529],0.554,-0.252,0.173,-0.443,0.382,-0.614,0.244,-0.260,-0.075,0.451,0.232,0.321,-0.019,-0.394,0.144,-0.482,0.412,-0.362,-0.368,0.170,-0.048,-0.181,0.364,-0.366,0.264,-0.139,-0.102,-0.575,-0.317,0.283,-0.189,-0.411,-0.438,0.327,0.117,0.245,1.000,0.422,-0.193,0.459,-0.400,0.170,0.349,-0.609,0.182,0.386,0.040,0.602,-0.314,-0.005,-0.300,-0.163,-0.057,0.226,0.276,-0.104,0.179,0.069,0.390,0.170,-0.071,0.008,0.183,-0.215,0.102,0.051,0.080,0.077,0.328,-0.162,0.284,-0.179,-0.249,-0.403,[529],31,28,14,1,,12
,[563],0.232,-0.379,0.373,-0.144,0.111,-0.483,0.493,-0.226,0.306,0.786,0.339,0.245,0.188,-0.367,0.301,-0.263,0.633,-0.654,-0.406,-0.003,0.585,-0.213,-0.110,-0.659,0.146,0.256,0.150,-0.147,-0.489,0.115,-0.341,-0.076,-0.224,0.682,-0.519,0.419,0.422,1.000,-0.485,0.479,-0.657,0.521,0.734,-0.331,0.125,0.724,0.151,0.578,-0.009,-0.080,-0.012,0.219,-0.344,0.269,0.301,0.151,-0.020,-0.110,0.237,0.155,-0.258,0.185,0.110,-0.611,0.031,0.209,-0.087,0.355,0.312,-0.660,-0.310,-0.289,-0.388,-0.403,[563],23,27,20,4,,8
,[590],-0.084,-0.009,-0.118,0.267,-0.234,0.035,-0.523,0.112,-0.327,-0.142,-0.413,0.218,0.083,0.258,-0.088,0.286,-0.214,0.253,0.276,0.132,-0.376,-0.212,-0.109,0.330,0.128,0.172,0.372,-0.251,0.170,0.094,0.080,-0.102,0.193,-0.499,0.113,-0.276,-0.193,-0.485,1.000,-0.645,0.520,-0.319,-0.322,-0.003,0.100,-0.353,-0.101,-0.301,-0.322,0.113,-0.346,-0.063,0.224,-0.361,0.144,-0.142,-0.038,0.050,-0.104,-0.041,0.120,-0.504,0.035,0.393,-0.006,0.012,-0.185,-0.584,0.237,0.345,0.011,-0.198,0.298,0.375,[590],37,28,8,1,,16
,[591],0.318,-0.045,0.222,-0.425,0.315,-0.268,0.578,-0.083,-0.019,0.329,0.507,-0.081,0.005,-0.218,0.249,-0.475,0.430,-0.412,-0.270,-0.014,0.259,-0.053,0.201,-0.283,0.085,-0.122,-0.252,-0.056,-0.365,0.144,-0.176,-0.044,-0.226,0.439,-0.043,0.528,0.459,0.479,-0.645,1.000,-0.542,0.139,0.432,-0.208,-0.059,0.414,-0.052,0.428,0.106,-0.031,0.035,-0.104,-0.232,0.523,-0.240,0.030,0.004,-0.022,0.520,0.060,-0.056,0.327,0.067,-0.280,-0.064,0.010,0.092,0.493,-0.234,-0.152,0.154,0.143,-0.287,-0.298,[591],33,22,18,1,,24
,[622],-0.167,0.051,-0.127,0.495,-0.361,0.420,-0.227,0.321,-0.043,-0.470,-0.549,0.082,-0.142,0.397,-0.236,0.518,-0.407,0.399,0.282,0.026,-0.306,0.005,-0.210,0.666,-0.136,0.175,0.343,0.078,0.275,-0.176,0.024,0.176,0.475,-0.666,0.122,-0.626,-0.400,-0.657,0.520,-0.542,1.000,-0.658,-0.521,0.314,0.026,-0.690,-0.257,-0.567,-0.107,0.282,-0.258,0.088,0.321,-0.260,-0.381,-0.444,-0.039,0.103,0.063,-0.107,0.186,-0.417,-0.048,0.490,-0.027,-0.015,-0.225,-0.482,-0.423,0.635,0.050,-0.032,0.400,0.624,[622],28,20,25,1,,16
,[623],0.092,-0.153,0.064,-0.263,0.073,-0.303,0.145,-0.329,0.104,0.432,0.318,0.095,-0.087,-0.469,0.348,-0.420,0.520,-0.493,-0.292,0.087,0.245,-0.360,0.132,-0.633,0.198,0.156,0.013,-0.096,-0.328,0.171,-0.248,0.022,-0.369,0.573,-0.182,0.389,0.170,0.521,-0.319,0.139,-0.658,1.000,0.522,-0.298,-0.257,0.439,0.231,0.508,-0.080,0.083,0.282,0.047,-0.300,0.244,0.392,0.424,0.068,-0.146,-0.232,0.097,-0.191,0.564,-0.018,-0.467,-0.064,-0.028,0.188,0.202,0.462,-0.495,-0.253,0.014,-0.216,-0.389,[623],31,25,17,1,,18
,[628],0.371,-0.502,0.416,-0.104,-0.040,-0.433,0.469,0.073,0.214,0.847,0.320,0.250,0.067,-0.284,0.332,-0.230,0.831,-0.878,-0.434,-0.048,0.517,-0.313,-0.144,-0.652,0.088,0.290,0.257,-0.132,-0.567,0.062,-0.446,0.047,0.023,0.490,-0.522,0.338,0.349,0.734,-0.322,0.432,-0.521,0.522,1.000,-0.254,0.018,0.542,0.005,0.560,-0.157,-0.000,-0.016,0.222,-0.322,0.516,0.270,0.118,-0.047,-0.123,0.155,0.059,-0.268,0.147,-0.054,-0.496,-0.196,0.023,-0.214,0.246,0.327,-0.596,-0.258,-0.432,-0.486,-0.392,[628],25,23,21,5,,16
,[654],-0.377,0.250,0.039,0.359,-0.336,0.789,-0.015,0.514,0.128,-0.385,-0.168,-0.246,0.015,0.459,-0.085,0.414,-0.268,0.222,0.482,-0.156,0.291,0.359,-0.342,0.335,-0.244,-0.029,0.027,0.527,0.278,-0.260,-0.051,0.582,0.563,-0.161,-0.154,-0.277,-0.609,-0.331,-0.003,-0.208,0.314,-0.298,-0.254,1.000,-0.221,-0.288,-0.162,-0.602,0.032,0.115,0.154,0.203,-0.056,0.023,-0.244,-0.007,-0.217,-0.285,-0.323,-0.217,-0.188,0.016,-0.336,0.072,-0.332,-0.176,-0.206,-0.123,-0.376,0.291,-0.292,0.116,-0.019,0.435,[654],27,35,10,2,,15
,[655],-0.022,-0.307,0.024,0.320,-0.067,-0.266,0.207,0.054,0.456,0.052,-0.222,0.116,0.087,-0.000,-0.360,0.299,-0.058,0.037,-0.195,-0.104,0.041,0.314,-0.407,0.017,0.033,0.085,-0.001,-0.134,0.153,0.071,0.204,-0.178,0.093,0.166,-0.242,-0.019,0.182,0.125,0.100,-0.059,0.026,-0.257,0.018,-0.221,1.000,0.233,0.216,0.038,0.183,-0.274,-0.427,0.278,0.278,-0.197,0.156,-0.129,0.207,0.074,0.280,0.277,0.096,-0.586,0.192,-0.187,0.375,0.251,-0.174,0.137,0.154,-0.277,0.071,-0.454,-0.086,-0.148,[655],45,23,5,1,,25
,[656],0.249,-0.287,0.345,-0.351,0.268,-0.477,0.365,-0.219,0.110,0.569,0.293,0.125,0.092,-0.428,0.276,-0.320,0.407,-0.491,-0.178,0.081,0.423,-0.023,-0.152,-0.642,0.280,0.108,0.082,-0.289,-0.348,0.349,-0.321,-0.162,-0.210,0.639,-0.405,0.462,0.386,0.724,-0.353,0.414,-0.690,0.439,0.542,-0.288,0.233,1.000,0.105,0.668,0.037,-0.333,-0.284,-0.065,-0.298,0.077,0.376,0.028,0.095,-0.064,0.239,0.204,-0.180,-0.014,0.112,-0.569,0.142,0.139,0.126,0.433,0.383,-0.616,-0.149,-0.126,-0.504,-0.503,[656],25,27,20,2,,11
,[660],-0.288,0.211,-0.539,0.152,-0.274,-0.123,0.218,-0.415,0.296,0.032,-0.330,-0.014,0.194,-0.176,-0.367,0.085,-0.116,-0.055,0.114,0.240,-0.047,0.032,0.038,-0.132,0.230,-0.046,-0.290,-0.199,0.498,0.066,0.211,0.125,-0.431,0.350,-0.132,0.113,0.040,0.151,-0.101,-0.052,-0.257,0.231,0.005,-0.162,0.216,0.105,1.000,-0.056,0.220,-0.147,0.060,0.512,-0.155,-0.233,-0.080,0.226,0.269,-0.262,-0.188,0.270,-0.050,0.068,0.171,-0.340,0.459,0.166,0.308,0.122,-0.000,-0.198,0.018,-0.113,-0.008,-0.169,[660],44,23,6,1,,20
,[684],0.648,-0.245,0.312,-0.644,0.498,-0.655,0.174,-0.165,-0.063,0.591,0.402,0.134,-0.295,-0.642,0.309,-0.549,0.620,-0.564,-0.514,0.073,0.211,-0.196,0.248,-0.571,0.254,-0.023,0.083,-0.305,-0.506,0.352,-0.305,-0.432,-0.284,0.429,-0.089,0.355,0.602,0.578,-0.301,0.428,-0.567,0.508,0.560,-0.602,0.038,0.668,-0.056,1.000,-0.191,-0.253,-0.065,-0.330,-0.244,0.340,0.387,-0.022,0.021,0.038,0.358,0.006,-0.196,0.058,0.052,-0.304,0.208,-0.029,0.190,0.186,0.453,-0.485,0.118,-0.092,-0.403,-0.672,[684],25,21,27,1,,16
,[686],-0.527,0.166,-0.201,0.251,-0.228,0.115,0.108,-0.210,0.117,-0.232,0.070,-0.323,0.206,0.026,-0.494,0.300,-0.300,0.161,-0.045,-0.206,0.045,0.110,-0.045,0.213,-0.194,0.072,-0.167,0.287,0.380,-0.172,0.296,0.065,-0.013,0.112,-0.229,0.431,-0.314,-0.009,-0.322,0.106,-0.107,-0.080,-0.157,0.032,0.183,0.037,0.220,-0.191,1.000,-0.586,0.304,0.106,-0.056,-0.238,-0.329,0.268,0.042,-0.027,-0.129,0.003,0.037,0.067,-0.101,-0.085,0.222,-0.021,0.309,0.739,-0.372,-0.310,-0.149,0.279,0.114,-0.170,[686],41,27,4,2,,20
,[687],0.002,-0.121,-0.031,0.072,-0.076,0.051,0.069,0.071,0.136,-0.053,-0.123,0.204,-0.157,0.048,0.395,-0.200,0.020,0.012,0.166,0.219,-0.068,-0.115,-0.074,-0.048,0.128,-0.042,0.043,-0.149,-0.181,0.025,-0.166,0.244,-0.074,-0.204,0.284,-0.275,-0.005,-0.080,0.113,-0.031,0.282,0.083,-0.000,0.115,-0.274,-0.333,-0.147,-0.253,-0.586,1.000,-0.140,0.131,0.240,0.112,-0.138,-0.155,-0.032,0.104,0.118,-0.011,0.201,0.272,0.051,0.216,-0.292,-0.003,-0.148,-0.469,-0.130,0.497,0.187,-0.190,0.146,0.500,[687],52,17,4,1,,27
,[688],-0.119,0.375,-0.254,-0.083,0.098,0.180,-0.133,0.008,0.023,-0.094,0.222,-0.313,-0.069,-0.024,-0.135,-0.035,-0.032,0.081,-0.225,-0.347,0.132,0.030,0.324,0.025,-0.373,-0.252,-0.335,0.443,0.039,-0.358,0.411,0.012,-0.152,0.084,0.145,0.131,-0.300,-0.012,-0.346,0.035,-0.258,0.282,-0.016,0.154,-0.427,-0.284,0.060,-0.065,0.304,-0.140,1.000,0.015,-0.126,0.173,-0.019,0.499,-0.166,-0.067,-0.441,-0.192,-0.066,0.440,-0.153,0.078,-0.064,-0.140,0.154,0.051,-0.036,-0.175,-0.070,0.250,0.039,-0.159,[688],49,18,6,1,,30
,[689],-0.357,-0.174,-0.138,0.605,-0.521,0.129,0.437,0.061,0.603,0.160,-0.284,0.175,0.216,0.147,-0.187,0.366,0.112,-0.227,0.078,-0.026,0.251,-0.054,-0.437,0.012,-0.090,0.240,0.062,-0.014,0.183,-0.183,-0.003,0.511,0.086,0.311,-0.462,-0.099,-0.163,0.219,-0.063,-0.104,0.088,0.047,0.222,0.203,0.278,-0.065,0.512,-0.330,0.106,0.131,0.015,1.000,0.013,0.008,-0.158,0.088,0.361,-0.206,-0.036,0.363,-0.102,-0.037,0.031,-0.394,0.024,0.104,-0.274,-0.006,-0.149,-0.116,-0.293,-0.279,-0.106,0.248,[689],44,21,8,1,,24
,[690],-0.125,-0.135,0.029,0.070,0.250,-0.064,-0.223,0.086,0.085,-0.323,-0.066,-0.028,-0.026,0.064,-0.093,0.004,-0.379,0.411,-0.043,-0.027,-0.308,0.238,-0.006,0.330,-0.097,-0.149,-0.133,0.058,-0.010,-0.025,0.280,-0.080,0.053,-0.340,0.296,-0.232,-0.057,-0.344,0.224,-0.232,0.321,-0.300,-0.322,-0.056,0.278,-0.298,-0.155,-0.244,-0.056,0.240,-0.126,0.013,1.000,-0.166,-0.085,-0.070,0.076,0.702,0.075,0.055,0.418,-0.175,0.141,0.236,0.033,0.124,-0.074,-0.176,-0.057,0.297,0.273,-0.008,0.262,0.198,[690],45,25,2,2,,33
,[693],0.450,-0.238,0.336,-0.211,0.222,-0.004,0.418,0.426,-0.019,0.318,0.466,-0.097,-0.108,-0.037,0.340,-0.291,0.714,-0.524,-0.417,-0.258,0.220,-0.178,0.065,-0.306,-0.197,0.010,0.076,0.044,-0.544,-0.145,-0.332,0.276,0.177,0.129,-0.092,0.163,0.226,0.269,-0.361,0.523,-0.260,0.244,0.516,0.023,-0.197,0.077,-0.233,0.340,-0.238,0.112,0.173,0.008,-0.166,1.000,-0.007,0.194,-0.168,-0.088,0.234,-0.164,-0.211,0.405,-0.161,-0.144,-0.408,-0.133,-0.326,0.102,0.045,-0.021,-0.055,-0.039,-0.331,-0.202,[693],36,25,11,2,,18
,[718],0.328,-0.171,0.219,-0.225,0.211,-0.320,-0.245,-0.023,-0.128,0.365,0.129,0.228,0.005,-0.261,0.100,-0.083,0.234,-0.176,-0.222,-0.008,0.110,0.002,0.007,-0.477,0.099,0.028,0.104,-0.163,-0.174,0.110,0.000,-0.378,-0.105,0.186,-0.083,-0.118,0.276,0.301,0.144,-0.240,-0.381,0.392,0.270,-0.244,0.156,0.376,-0.080,0.387,-0.329,-0.138,-0.019,-0.158,-0.085,-0.007,1.000,0.091,-0.001,-0.035,-0.287,0.055,-0.143,-0.211,0.051,-0.118,0.043,0.022,-0.124,-0.175,0.948,-0.468,-0.148,-0.274,-0.247,-0.320,[718],43,27,2,2,,22
,[719],-0.245,-0.036,-0.129,0.032,0.031,0.013,0.012,-0.055,-0.005,0.076,0.318,-0.329,0.122,-0.157,-0.032,-0.151,0.103,-0.079,-0.334,-0.202,0.021,-0.004,0.176,-0.169,-0.139,-0.056,-0.155,0.097,-0.067,-0.101,0.111,0.208,-0.161,0.234,-0.057,0.367,-0.104,0.151,-0.142,0.030,-0.444,0.424,0.118,-0.007,-0.129,0.028,0.226,-0.022,0.268,-0.155,0.499,0.088,-0.070,0.194,0.091,1.000,-0.089,-0.053,-0.377,-0.066,-0.113,0.351,-0.091,-0.190,-0.134,0.004,0.145,0.176,0.194,-0.277,-0.162,0.157,0.018,-0.283,[719],56,14,3,1,,29
,[722],-0.173,-0.146,-0.039,0.030,-0.034,-0.113,0.098,-0.198,0.146,-0.093,-0.115,0.074,-0.077,-0.022,-0.044,-0.044,-0.054,-0.004,-0.048,0.087,-0.099,0.014,-0.036,-0.006,0.074,0.000,-0.107,-0.153,0.030,0.100,0.069,-0.095,-0.196,0.198,0.098,-0.053,0.179,-0.020,-0.038,0.004,-0.039,0.068,-0.047,-0.217,0.207,0.095,0.269,0.021,0.042,-0.032,-0.166,0.361,0.076,-0.168,-0.001,-0.089,1.000,0.035,0.052,0.771,0.068,-0.052,0.242,-0.175,0.199,-0.193,-0.067,0.060,0.036,-0.075,0.100,-0.030,0.039,-0.089,[722],67,5,0,2,,49
,[723],0.085,-0.281,0.209,-0.134,0.383,-0.241,-0.091,-0.084,-0.049,-0.118,0.121,-0.102,0.014,-0.043,0.032,-0.203,-0.205,0.135,-0.183,-0.080,-0.195,-0.003,0.058,0.150,-0.100,-0.019,-0.070,0.004,-0.248,-0.015,0.172,-0.308,-0.157,-0.187,0.169,-0.074,0.069,-0.110,0.050,-0.022,0.103,-0.146,-0.123,-0.285,0.074,-0.064,-0.262,0.038,-0.027,0.104,-0.067,-0.206,0.702,-0.088,-0.035,-0.053,0.035,1.000,0.125,-0.014,0.716,-0.092,0.089,0.236,-0.033,0.029,0.061,-0.012,-0.025,0.129,0.150,0.135,0.224,-0.096,[723],58,13,0,3,,36
,[750],0.395,-0.183,0.174,-0.167,0.274,-0.281,0.347,0.053,0.166,0.201,0.075,0.263,-0.077,-0.071,0.204,-0.242,0.277,-0.196,-0.135,0.169,-0.053,-0.152,0.015,-0.024,0.216,-0.006,0.109,-0.332,-0.296,0.270,-0.231,-0.009,0.020,0.038,-0.029,0.124,0.390,0.237,-0.104,0.520,0.063,-0.232,0.155,-0.323,0.280,0.239,-0.188,0.358,-0.129,0.118,-0.441,-0.036,0.075,0.234,-0.287,-0.377,0.052,0.125,1.000,0.073,0.029,-0.191,0.131,-0.054,0.113,0.073,-0.114,0.107,-0.251,0.170,0.369,-0.097,-0.205,-0.049,[750],44,27,2,1,,22
,[755],-0.235,-0.124,-0.010,0.068,-0.069,-0.170,0.153,-0.206,0.141,0.110,-0.069,0.217,0.035,-0.044,-0.016,0.006,0.017,-0.057,0.008,0.033,0.049,-0.008,-0.122,-0.116,0.035,0.165,-0.016,-0.210,0.024,0.058,0.003,-0.124,-0.149,0.310,-0.039,-0.016,0.170,0.155,-0.041,0.060,-0.107,0.097,0.059,-0.217,0.277,0.204,0.270,0.006,0.003,-0.011,-0.192,0.363,0.055,-0.164,0.055,-0.066,0.771,-0.014,0.073,1.000,0.014,-0.052,0.733,-0.292,0.142,0.339,-0.073,0.083,0.073,-0.151,0.043,-0.135,-0.046,0.014,[755],59,12,0,3,,41
,[756],-0.118,-0.126,-0.174,-0.020,0.146,-0.138,-0.026,-0.153,-0.020,-0.264,-0.108,-0.158,-0.017,0.028,-0.122,-0.018,-0.361,0.236,0.061,-0.059,-0.268,0.052,-0.015,0.196,-0.085,-0.098,-0.255,-0.029,0.067,-0.010,0.308,-0.199,-0.213,-0.288,0.210,-0.131,-0.071,-0.258,0.120,-0.056,0.186,-0.191,-0.268,-0.188,0.096,-0.180,-0.050,-0.196,0.037,0.201,-0.066,-0.102,0.418,-0.211,-0.143,-0.113,0.068,0.716,0.029,0.014,1.000,-0.089,0.093,0.521,0.071,0.018,0.179,-0.053,-0.136,0.256,0.186,0.113,0.341,0.085,[756],55,15,2,2,,30
,[782],-0.120,0.151,-0.086,-0.276,0.137,0.059,0.175,-0.172,-0.015,0.017,0.469,-0.232,-0.069,-0.165,0.276,-0.421,0.230,-0.104,-0.061,-0.058,0.104,-0.179,0.265,-0.310,-0.112,-0.150,-0.284,0.098,-0.170,-0.128,-0.158,0.255,-0.297,0.182,0.170,0.383,0.008,0.185,-0.504,0.327,-0.417,0.564,0.147,0.016,-0.586,-0.014,0.068,0.058,0.067,0.272,0.440,-0.037,-0.175,0.405,-0.211,0.351,-0.052,-0.092,-0.191,-0.052,-0.089,1.000,-0.036,-0.127,-0.316,-0.079,0.216,0.325,-0.172,-0.007,-0.008,0.337,-0.044,-0.026,[782],47,18,8,1,,25
,[788],-0.094,0.062,-0.102,-0.107,0.097,-0.295,0.011,-0.259,-0.048,0.129,-0.023,0.187,0.021,-0.132,-0.004,-0.086,-0.059,0.098,0.006,0.072,-0.079,0.011,0.053,-0.110,0.063,0.088,-0.071,-0.295,0.038,0.078,0.070,-0.272,-0.207,0.116,0.170,-0.041,0.183,0.110,0.035,0.067,-0.048,-0.018,-0.054,-0.336,0.192,0.112,0.171,0.052,-0.101,0.051,-0.153,0.031,0.141,-0.161,0.051,-0.091,0.242,0.089,0.131,0.733,0.093,-0.036,1.000,-0.086,0.176,0.780,0.067,-0.036,0.078,-0.023,0.231,-0.132,0.027,0.100,[788],63,8,0,3,,43
,[789],-0.053,0.203,-0.301,-0.143,0.106,0.140,-0.466,0.196,-0.382,-0.424,-0.108,-0.196,-0.245,0.097,-0.182,0.110,-0.433,0.462,0.172,-0.050,-0.403,0.194,0.233,0.357,-0.160,-0.420,-0.194,0.068,0.245,-0.068,0.301,-0.184,0.094,-0.824,0.520,-0.325,-0.215,-0.611,0.393,-0.280,0.490,-0.467,-0.496,0.072,-0.187,-0.569,-0.340,-0.304,-0.085,0.216,0.078,-0.394,0.236,-0.144,-0.118,-0.190,-0.175,0.236,-0.054,-0.292,0.521,-0.127,-0.086,1.000,0.042,-0.221,0.134,-0.353,-0.119,0.510,0.400,0.114,0.378,0.267,[789],34,23,15,2,,12
,[814],0.084,0.219,-0.486,-0.146,0.022,-0.262,-0.069,-0.283,0.050,0.022,-0.275,0.081,-0.134,-0.306,-0.357,0.109,-0.221,0.160,-0.061,0.301,-0.113,0.245,0.182,-0.105,0.208,-0.255,-0.329,-0.157,0.397,0.100,0.233,-0.284,-0.285,0.126,0.075,0.048,0.102,0.031,-0.006,-0.064,-0.027,-0.064,-0.196,-0.332,0.375,0.142,0.459,0.208,0.222,-0.292,-0.064,0.024,0.033,-0.408,0.043,-0.134,0.199,-0.033,0.113,0.142,0.071,-0.316,0.176,0.042,1.000,0.065,0.347,0.009,0.064,-0.214,0.378,-0.042,0.068,-0.218,[814],44,26,3,1,,26
,[821],-0.135,0.058,-0.050,0.118,-0.064,-0.231,0.096,-0.207,0.100,0.193,-0.077,0.135,0.164,-0.094,-0.053,0.084,-0.030,0.068,0.015,0.032,0.039,0.030,-0.092,-0.097,0.053,0.261,0.063,-0.189,0.034,0.013,-0.008,-0.090,0.008,0.167,-0.048,-0.011,0.051,0.209,0.012,0.010,-0.015,-0.028,0.023,-0.176,0.251,0.139,0.166,-0.029,-0.021,-0.003,-0.140,0.104,0.124,-0.133,0.022,0.004,-0.193,0.029,0.073,0.339,0.018,-0.079,0.780,-0.221,0.065,1.000,0.015,0.023,0.035,-0.094,0.030,-0.219,0.044,0.160,[821],64,8,0,2,,48
,[822],-0.182,0.393,-0.431,-0.376,0.103,-0.240,0.023,-0.466,-0.165,-0.133,0.063,-0.120,-0.276,-0.506,-0.273,-0.230,-0.346,0.101,0.140,0.070,-0.166,0.086,0.345,0.040,0.097,-0.360,-0.342,-0.198,0.416,0.191,0.165,-0.197,-0.462,0.074,0.184,0.286,0.080,-0.087,-0.185,0.092,-0.225,0.188,-0.214,-0.206,-0.174,0.126,0.308,0.190,0.309,-0.148,0.154,-0.274,-0.074,-0.326,-0.124,0.145,-0.067,0.061,-0.114,-0.073,0.179,0.216,0.067,0.134,0.347,0.015,1.000,0.243,-0.106,0.002,0.335,0.389,0.161,-0.197,[822],45,23,5,1,,17
,[845],-0.238,0.015,0.106,-0.075,0.018,-0.110,0.348,-0.225,0.144,0.119,0.390,-0.231,0.213,-0.132,-0.138,-0.085,0.103,-0.176,-0.096,-0.093,0.236,0.017,-0.036,-0.238,-0.020,0.108,-0.160,0.117,0.061,0.020,-0.124,0.040,-0.093,0.360,-0.296,0.653,0.077,0.355,-0.584,0.493,-0.482,0.202,0.246,-0.123,0.137,0.433,0.122,0.186,0.739,-0.469,0.051,-0.006,-0.176,0.102,-0.175,0.176,0.060,-0.012,0.107,0.083,-0.053,0.325,-0.036,-0.353,0.009,0.023,0.243,1.000,-0.227,-0.452,-0.115,0.191,-0.216,-0.402,[845],46,18,8,2,,23
,[877],0.328,-0.233,0.177,-0.260,0.215,-0.441,-0.257,-0.106,-0.162,0.420,0.118,0.247,-0.005,-0.308,0.169,-0.183,0.328,-0.236,-0.305,0.034,0.021,-0.104,0.063,-0.497,0.164,0.022,0.123,-0.268,-0.275,0.178,-0.012,-0.356,-0.158,0.174,-0.037,-0.033,0.328,0.312,0.237,-0.234,-0.423,0.462,0.327,-0.376,0.154,0.383,-0.000,0.453,-0.372,-0.130,-0.036,-0.149,-0.057,0.045,0.948,0.194,0.036,-0.025,-0.251,0.073,-0.136,-0.172,0.078,-0.119,0.064,0.035,-0.106,-0.227,1.000,-0.467,-0.105,-0.324,-0.202,-0.357,[877],39,26,7,2,,18
,[903],-0.080,0.258,-0.281,0.097,0.006,0.432,-0.147,0.156,-0.237,-0.589,-0.250,-0.007,-0.154,0.325,0.061,-0.002,-0.402,0.449,0.444,0.099,-0.460,0.044,0.123,0.574,-0.029,-0.200,-0.028,-0.136,0.202,-0.019,0.036,0.247,0.105,-0.592,0.524,-0.414,-0.162,-0.660,0.345,-0.152,0.635,-0.495,-0.596,0.291,-0.277,-0.616,-0.198,-0.485,-0.310,0.497,-0.175,-0.116,0.297,-0.021,-0.468,-0.277,-0.075,0.129,0.170,-0.151,0.256,-0.007,-0.023,0.510,-0.214,-0.094,0.002,-0.452,-0.467,1.000,0.327,0.258,0.344,0.602,[903],32,19,22,1,,18
,[909],0.227,0.271,-0.420,-0.432,0.366,-0.317,-0.167,-0.021,-0.132,-0.212,-0.005,0.001,-0.358,-0.205,-0.082,-0.290,-0.250,0.326,0.047,0.189,-0.433,0.308,0.393,-0.027,0.073,-0.650,-0.478,-0.367,0.185,0.115,0.207,-0.249,-0.258,-0.282,0.679,-0.028,0.284,-0.310,0.011,0.154,0.050,-0.253,-0.258,-0.292,0.071,-0.149,0.018,0.118,-0.149,0.187,-0.070,-0.293,0.273,-0.055,-0.148,-0.162,0.100,0.150,0.369,0.043,0.186,-0.008,0.231,0.400,0.378,0.030,0.335,-0.115,-0.105,0.327,1.000,0.014,0.021,-0.042,[909],37,29,7,1,,20
,[919],-0.087,0.350,-0.111,-0.315,0.274,0.286,-0.085,-0.129,-0.415,-0.387,0.313,-0.278,0.042,-0.008,-0.085,-0.152,-0.301,0.335,0.175,-0.070,-0.190,-0.068,0.416,0.283,-0.155,-0.191,-0.280,0.176,0.150,0.031,0.127,0.045,-0.150,-0.025,0.151,0.095,-0.179,-0.289,-0.198,0.143,-0.032,0.014,-0.432,0.116,-0.454,-0.126,-0.113,-0.092,0.279,-0.190,0.250,-0.279,-0.008,-0.039,-0.274,0.157,-0.030,0.135,-0.097,-0.135,0.113,0.337,-0.132,0.114,-0.042,-0.219,0.389,0.191,-0.324,0.258,0.014,1.000,0.282,-0.026,[919],47,22,4,1,,21
,[920],-0.264,0.156,-0.185,0.174,-0.162,0.104,-0.251,-0.236,-0.279,-0.392,-0.160,-0.112,0.052,0.252,-0.233,0.159,-0.464,0.361,0.007,-0.027,-0.340,-0.115,0.275,0.478,-0.074,0.107,-0.021,0.184,0.150,-0.065,0.426,-0.088,0.005,-0.361,0.204,-0.274,-0.249,-0.388,0.298,-0.287,0.400,-0.216,-0.486,-0.019,-0.086,-0.504,-0.008,-0.403,0.114,0.146,0.039,-0.106,0.262,-0.331,-0.247,0.018,0.039,0.224,-0.205,-0.046,0.341,-0.044,0.027,0.378,0.068,0.044,0.161,-0.216,-0.202,0.344,0.021,0.282,1.000,0.155,[920],37,29,7,1,,20
,[941],-0.414,0.106,-0.165,0.485,-0.435,0.438,-0.069,0.179,0.014,-0.367,-0.328,0.155,-0.084,0.352,0.021,0.349,-0.299,0.358,0.503,-0.008,-0.099,0.042,-0.371,0.466,-0.178,0.126,0.192,0.006,0.222,-0.229,-0.068,0.357,0.291,-0.386,0.151,-0.366,-0.403,-0.403,0.375,-0.298,0.624,-0.389,-0.392,0.435,-0.148,-0.503,-0.169,-0.672,-0.170,0.500,-0.159,0.248,0.198,-0.202,-0.320,-0.283,-0.089,-0.096,-0.049,0.014,0.085,-0.026,0.100,0.267,-0.218,0.160,-0.197,-0.402,-0.357,0.602,-0.042,-0.026,0.155,1.000,[941],34,24,15,1,,18