


,,[260],[293],[356],[357],[359],[384],[388],[389],[390],[391],[407],[421],[422],[437],[438],[439],[440],[450],[456],[457],[463],[464],[465],[466],[467],[468],[480],[483],[506],[515],[544],[548],[549],[550],[552],[554],[561],[576],[577],[579],[582],[588],[593],[608],[609],[613],[616],[617],[618],[623],[624],[625],[626],[627],[629],[640],[641],[645],[646],[647],[650],[651],[653],[657],[660],[662],[680],[681],[683],[686],[688],[690],[694],[695],[713],[719],[725],[741],[756],[757],[758],[759],[785],[787],[790],[791],[792],[810],[812],[818],[820],[822],[825],[857],[879],[886],[910],[922],[923],[925],,0~0.2,0.2~0.4,0.4~0.7,0.7~1,,0~0.1
,[260],1.000,0.963,0.096,-0.151,0.477,0.397,-0.174,-0.412,-0.189,0.812,-0.122,-0.145,0.062,0.015,0.639,0.705,0.130,0.419,0.093,0.565,-0.192,-0.013,0.145,-0.212,0.159,0.229,0.040,-0.253,0.052,0.158,0.518,0.063,0.413,0.636,-0.401,0.015,0.172,-0.337,0.053,0.306,0.236,-0.130,-0.215,-0.123,-0.245,0.072,0.242,0.112,0.292,0.354,-0.011,0.284,-0.210,-0.064,0.025,-0.201,-0.154,0.032,-0.242,-0.323,-0.266,0.073,-0.110,0.431,-0.137,0.009,-0.318,0.095,0.027,0.241,-0.196,-0.583,-0.021,0.009,-0.043,-0.207,-0.025,-0.127,-0.159,0.142,0.003,-0.089,0.052,0.094,-0.166,0.130,-0.111,-0.202,-0.005,0.188,-0.254,-0.329,0.116,-0.154,0.388,-0.471,-0.223,0.412,-0.014,0.467,[260],56,26,14,4,,29
,[293],0.963,1.000,0.133,-0.115,0.572,0.459,-0.189,-0.466,-0.241,0.811,-0.159,-0.145,0.071,-0.071,0.563,0.733,0.112,0.386,0.050,0.520,-0.223,-0.024,0.122,-0.231,0.121,0.222,0.067,-0.207,0.000,0.222,0.562,0.056,0.352,0.617,-0.405,0.054,0.154,-0.390,0.102,0.376,0.236,-0.164,-0.240,-0.111,-0.301,0.095,0.218,0.093,0.273,0.255,0.032,0.301,-0.154,-0.032,-0.080,-0.229,-0.109,-0.018,-0.330,-0.346,-0.303,0.185,-0.126,0.456,-0.175,-0.055,-0.258,0.127,0.002,0.167,-0.155,-0.607,-0.153,0.029,-0.040,-0.217,0.024,-0.111,-0.268,0.289,-0.044,-0.196,0.078,0.110,-0.166,0.144,-0.086,-0.219,-0.029,0.273,-0.191,-0.401,0.140,-0.121,0.336,-0.477,-0.242,0.451,-0.019,0.483,[293],53,29,14,4,,24
,[356],0.096,0.133,1.000,0.496,0.200,0.421,0.091,0.208,0.035,0.225,-0.255,-0.271,0.044,-0.284,-0.169,0.027,0.313,0.018,-0.094,0.137,-0.430,-0.481,-0.266,-0.352,-0.197,0.062,0.074,0.369,-0.533,0.176,-0.032,-0.295,-0.067,0.226,-0.326,0.169,-0.049,-0.529,-0.080,0.122,0.081,-0.036,-0.106,-0.012,0.087,-0.040,-0.287,0.089,0.225,0.033,-0.041,0.271,-0.212,-0.109,-0.102,-0.186,0.082,0.058,-0.186,-0.189,0.032,0.266,0.016,0.288,-0.125,-0.206,0.052,-0.182,0.032,-0.271,0.042,-0.326,-0.091,-0.173,-0.468,-0.302,0.070,-0.260,0.104,0.098,0.154,0.070,-0.251,-0.363,-0.222,0.279,-0.256,-0.102,-0.191,0.016,0.147,-0.066,-0.050,0.199,-0.289,0.124,-0.461,0.368,-0.513,-0.056,[356],59,31,9,1,,36
,[357],-0.151,-0.115,0.496,1.000,-0.171,0.031,0.165,0.201,0.114,-0.028,-0.295,0.014,-0.120,-0.353,-0.417,-0.262,0.007,-0.097,0.120,-0.120,-0.495,-0.211,-0.249,-0.063,-0.200,0.077,0.144,0.166,-0.342,0.073,-0.149,-0.321,-0.221,-0.019,0.093,0.054,-0.071,-0.243,-0.012,-0.122,0.319,-0.025,-0.206,0.070,-0.111,0.285,-0.096,-0.163,-0.029,-0.176,-0.086,0.330,0.085,-0.027,-0.153,0.079,0.182,0.141,0.225,0.174,-0.093,0.140,-0.061,0.130,0.040,-0.045,-0.301,-0.197,0.136,-0.286,0.210,-0.071,-0.086,-0.242,-0.091,0.050,-0.061,-0.139,0.096,0.162,0.338,0.093,-0.045,-0.017,0.006,0.126,-0.391,0.079,-0.265,0.038,0.220,0.026,-0.024,0.272,-0.352,0.175,-0.308,0.205,-0.279,-0.209,[357],67,29,3,1,,39
,[359],0.477,0.572,0.200,-0.171,1.000,0.527,-0.227,-0.326,-0.279,0.594,-0.428,-0.135,-0.102,-0.314,0.193,0.411,-0.014,-0.206,-0.273,0.219,-0.158,-0.199,0.234,-0.055,0.138,0.324,0.002,0.343,-0.039,0.507,0.204,-0.108,-0.028,0.407,-0.440,0.534,-0.199,-0.368,0.077,0.545,-0.045,0.069,-0.267,-0.147,0.051,0.048,-0.177,0.296,0.262,0.183,-0.103,0.336,-0.397,-0.106,-0.501,-0.280,-0.231,-0.154,-0.498,-0.505,-0.367,0.470,-0.062,0.266,-0.489,-0.378,0.177,0.146,-0.414,-0.265,-0.225,-0.515,-0.287,0.001,-0.092,-0.448,0.539,0.187,-0.387,0.359,-0.232,-0.312,-0.239,-0.268,-0.153,0.280,0.027,-0.629,-0.131,0.360,0.098,-0.439,0.163,-0.007,-0.001,-0.105,-0.298,0.505,-0.232,0.224,[359],39,37,23,1,,17
,[384],0.397,0.459,0.421,0.031,0.527,1.000,-0.105,0.024,-0.022,0.293,-0.072,-0.499,0.103,-0.086,0.168,0.419,0.420,0.242,-0.066,0.248,-0.232,-0.131,-0.173,-0.190,-0.103,0.330,0.291,0.221,-0.288,0.196,0.225,0.032,0.259,0.214,-0.726,0.093,-0.139,-0.548,-0.058,0.401,-0.141,-0.182,-0.058,-0.099,-0.092,0.102,-0.012,0.317,0.209,0.060,0.061,0.240,-0.229,-0.189,-0.188,-0.141,-0.089,0.191,-0.639,-0.450,0.078,0.434,-0.073,0.340,-0.117,-0.042,0.146,-0.170,-0.086,0.031,-0.028,-0.470,-0.252,0.021,-0.532,-0.557,0.136,-0.214,-0.098,0.284,-0.317,-0.092,0.033,-0.076,-0.461,0.113,-0.084,-0.303,0.010,0.069,-0.018,-0.259,0.165,-0.053,-0.024,-0.177,-0.391,0.488,-0.321,0.397,[384],56,26,16,2,,33
,[388],-0.174,-0.189,0.091,0.165,-0.227,-0.105,1.000,0.236,0.736,-0.091,0.209,-0.091,-0.167,0.334,0.102,-0.058,-0.024,0.152,0.299,-0.133,-0.208,0.074,-0.417,0.092,-0.246,-0.516,-0.348,-0.184,-0.035,0.169,0.016,-0.106,0.036,0.037,0.043,-0.241,-0.021,0.196,-0.397,-0.072,-0.154,-0.164,0.337,-0.274,-0.337,0.387,0.152,-0.281,-0.101,-0.117,0.089,-0.195,0.034,-0.188,0.280,-0.044,0.039,0.334,0.277,0.105,-0.095,-0.096,-0.405,0.128,0.167,0.153,-0.300,-0.110,0.185,0.181,-0.002,0.360,0.175,-0.386,-0.248,0.003,-0.137,-0.080,0.300,-0.215,0.251,0.183,0.092,0.085,-0.267,-0.174,0.145,0.352,-0.390,-0.195,-0.128,0.057,-0.288,0.126,0.023,0.085,-0.005,-0.066,0.209,-0.001,[388],65,30,3,2,,31
,[389],-0.412,-0.466,0.208,0.201,-0.326,0.024,0.236,1.000,0.219,-0.331,0.352,-0.444,-0.163,-0.039,-0.271,-0.314,0.376,0.181,0.139,-0.303,0.053,-0.295,-0.252,-0.062,-0.364,-0.208,0.173,0.002,-0.289,-0.507,-0.517,0.209,-0.034,-0.477,-0.135,-0.371,-0.074,0.060,-0.075,-0.075,-0.429,-0.222,0.391,0.185,0.101,-0.213,0.032,0.152,-0.052,-0.025,0.184,-0.502,0.149,0.105,0.259,0.256,0.311,0.272,-0.030,0.172,0.243,-0.165,-0.039,-0.129,0.460,0.303,0.349,-0.212,0.230,0.112,0.281,0.207,0.210,0.031,-0.455,-0.049,-0.337,-0.379,0.367,-0.537,-0.105,0.356,0.077,0.022,-0.082,-0.167,-0.052,0.147,0.160,-0.524,-0.183,0.346,-0.108,-0.036,-0.338,0.009,0.057,-0.376,-0.074,-0.033,[389],47,40,12,1,,26
,[390],-0.189,-0.241,0.035,0.114,-0.279,-0.022,0.736,0.219,1.000,-0.109,0.084,-0.016,-0.299,0.407,0.124,-0.021,0.062,0.027,0.231,-0.254,-0.165,0.064,-0.295,0.111,-0.074,-0.151,-0.291,-0.027,0.032,0.115,-0.063,0.045,0.090,0.003,-0.165,-0.115,0.155,0.082,-0.276,0.069,-0.244,0.026,0.337,-0.139,-0.087,0.166,0.113,-0.090,-0.049,-0.013,-0.006,-0.074,-0.014,-0.155,0.173,0.090,-0.024,0.061,0.003,0.188,0.040,0.017,-0.293,-0.010,-0.039,0.104,-0.169,-0.125,0.060,0.205,0.007,0.275,-0.033,-0.016,-0.201,0.018,-0.097,-0.018,0.122,-0.051,0.046,0.124,0.070,-0.030,-0.120,-0.054,0.019,0.211,-0.284,0.075,0.064,0.102,-0.107,0.134,-0.087,0.211,-0.042,0.006,-0.004,0.090,[390],79,18,1,2,,53
,[391],0.812,0.811,0.225,-0.028,0.594,0.293,-0.091,-0.331,-0.109,1.000,-0.377,-0.135,-0.188,-0.103,0.516,0.601,0.111,0.147,-0.033,0.531,-0.259,-0.185,0.317,-0.246,0.090,0.096,0.083,0.006,-0.052,0.320,0.482,0.031,0.182,0.641,-0.335,0.228,0.189,-0.357,-0.025,0.369,0.230,-0.029,-0.231,-0.172,-0.075,-0.042,0.003,0.214,0.399,0.437,-0.119,0.279,-0.313,-0.142,-0.113,-0.332,-0.067,-0.081,-0.272,-0.469,-0.425,0.171,-0.042,0.455,-0.293,-0.173,-0.206,0.007,-0.043,0.005,-0.270,-0.642,-0.050,-0.032,-0.102,-0.120,0.171,-0.076,-0.189,0.122,0.139,-0.029,-0.170,-0.138,-0.138,0.414,-0.169,-0.220,-0.115,0.164,-0.213,-0.385,0.131,-0.106,0.109,-0.350,-0.392,0.477,-0.133,0.188,[391],56,28,13,3,,24
,[407],-0.122,-0.159,-0.255,-0.295,-0.428,-0.072,0.209,0.352,0.084,-0.377,1.000,-0.268,0.166,0.205,0.080,-0.005,0.063,0.564,0.394,0.000,0.283,0.262,-0.194,0.175,-0.229,-0.449,0.154,-0.612,0.128,-0.666,-0.063,0.365,0.298,-0.474,0.104,-0.914,-0.009,0.503,0.098,-0.356,-0.240,-0.433,0.433,-0.047,-0.238,-0.189,0.494,-0.359,-0.483,-0.120,0.561,-0.627,0.593,0.237,0.507,0.254,0.222,0.180,0.056,0.236,0.325,-0.450,-0.057,-0.300,0.739,0.528,0.093,-0.105,0.401,0.695,0.363,0.343,0.255,0.111,-0.105,0.169,-0.732,-0.314,0.252,-0.338,-0.368,0.087,0.581,0.653,0.098,-0.684,0.371,0.527,0.243,-0.398,-0.361,0.369,-0.194,-0.167,0.110,-0.444,0.379,-0.685,0.579,0.360,[407],33,37,26,4,,15
,[421],-0.145,-0.145,-0.271,0.014,-0.135,-0.499,-0.091,-0.444,-0.016,-0.135,-0.268,1.000,-0.090,0.082,-0.129,-0.250,-0.497,-0.382,-0.054,0.038,0.095,0.091,0.002,0.237,0.380,0.143,-0.291,0.002,0.321,0.216,0.084,-0.361,-0.184,-0.054,0.495,0.244,0.087,0.125,0.177,-0.203,0.301,0.440,-0.447,0.082,-0.134,0.284,0.015,-0.143,-0.210,-0.359,-0.195,0.279,0.114,0.064,-0.260,0.099,-0.306,-0.119,0.368,0.261,0.119,-0.187,-0.123,-0.077,-0.197,-0.120,-0.153,0.168,-0.213,-0.282,-0.041,0.297,-0.072,0.003,0.616,0.509,0.209,0.511,-0.206,0.126,0.371,-0.202,-0.174,-0.066,0.312,0.048,-0.226,-0.102,-0.009,0.382,0.364,0.145,0.061,0.273,0.246,0.357,0.268,0.012,0.135,-0.176,[421],54,36,9,1,,27
,[422],0.062,0.071,0.044,-0.120,-0.102,0.103,-0.167,-0.163,-0.299,-0.188,0.166,-0.090,1.000,-0.067,-0.103,0.019,0.191,0.303,-0.047,0.029,0.101,0.021,-0.063,-0.184,-0.199,0.040,0.146,-0.191,-0.061,-0.137,0.051,-0.068,0.093,0.007,-0.013,-0.100,-0.117,0.031,0.120,-0.099,0.082,-0.236,-0.108,-0.243,0.108,-0.078,0.044,-0.063,-0.008,0.096,0.073,0.007,-0.001,0.082,0.136,-0.127,0.120,0.027,0.008,-0.204,0.009,-0.034,0.146,0.075,0.066,-0.032,-0.100,0.092,0.245,0.100,0.074,-0.151,0.014,0.029,-0.144,-0.345,-0.149,-0.249,0.039,0.053,-0.060,-0.075,0.144,0.113,-0.057,-0.035,0.135,0.110,-0.067,-0.103,-0.092,-0.060,-0.189,-0.168,0.155,-0.108,-0.157,-0.040,-0.062,-0.033,[422],91,8,0,1,,53
,[437],0.015,-0.071,-0.284,-0.353,-0.314,-0.086,0.334,-0.039,0.407,-0.103,0.205,0.082,-0.067,1.000,0.410,0.176,0.132,0.232,0.308,0.105,0.249,0.277,-0.009,0.092,0.085,-0.295,-0.399,-0.263,0.254,-0.072,0.224,0.166,0.396,0.039,-0.084,-0.203,0.205,0.080,-0.405,-0.072,-0.329,0.002,0.261,0.008,-0.122,0.148,0.285,-0.157,-0.039,0.107,-0.027,-0.170,-0.139,-0.134,0.459,-0.095,-0.281,0.253,0.103,0.028,0.184,-0.191,-0.139,0.270,-0.036,0.152,-0.304,-0.126,0.159,0.419,-0.264,0.320,0.189,-0.011,0.022,0.131,-0.027,0.099,0.217,-0.269,-0.015,0.271,-0.061,-0.020,-0.357,-0.146,-0.075,0.301,0.036,-0.138,-0.334,0.080,0.072,0.111,0.285,0.020,0.262,-0.055,0.361,0.089,[437],59,35,5,1,,35
,[438],0.639,0.563,-0.169,-0.417,0.193,0.168,0.102,-0.271,0.124,0.516,0.080,-0.129,-0.103,0.410,1.000,0.586,0.130,0.414,0.073,0.444,0.129,0.215,0.206,-0.018,0.140,0.003,-0.195,-0.279,0.272,0.206,0.339,0.268,0.391,0.440,-0.309,-0.083,0.062,-0.078,-0.247,0.131,0.009,-0.057,0.154,-0.329,-0.206,-0.032,0.254,0.044,0.241,0.496,0.002,-0.043,-0.274,-0.190,0.310,-0.376,-0.162,0.087,-0.142,-0.354,-0.163,-0.126,-0.177,0.247,-0.112,0.128,-0.277,0.028,0.086,0.443,-0.372,-0.252,0.196,-0.011,0.035,-0.025,0.010,0.127,-0.078,-0.110,-0.091,0.030,0.035,0.100,-0.241,-0.061,0.083,-0.051,0.009,0.066,-0.425,-0.275,0.119,0.017,0.437,-0.373,-0.054,0.214,0.173,0.393,[438],58,28,13,1,,31
,[439],0.705,0.733,0.027,-0.262,0.411,0.419,-0.058,-0.314,-0.021,0.601,-0.005,-0.250,0.019,0.176,0.586,1.000,0.235,0.415,0.253,0.363,0.087,0.005,0.032,-0.182,0.035,0.150,-0.035,-0.220,-0.048,0.178,0.440,0.301,0.434,0.469,-0.481,-0.073,0.174,-0.374,0.085,0.292,0.035,-0.301,-0.038,-0.009,-0.345,-0.059,0.389,0.106,0.117,0.160,0.138,0.030,-0.044,-0.056,-0.102,-0.200,-0.112,-0.149,-0.499,-0.322,-0.158,0.185,-0.223,0.344,-0.053,0.090,-0.016,0.079,0.012,0.421,-0.147,-0.417,-0.278,0.227,-0.094,-0.334,0.005,-0.117,-0.266,0.217,-0.226,-0.199,0.311,0.175,-0.200,-0.047,0.122,-0.121,0.176,0.158,-0.162,-0.321,0.001,-0.084,0.234,-0.321,-0.100,0.405,0.116,0.588,[439],57,26,14,3,,30
,[440],0.130,0.112,0.313,0.007,-0.014,0.420,-0.024,0.376,0.062,0.111,0.063,-0.497,0.191,0.132,0.130,0.235,1.000,0.465,0.046,-0.060,-0.013,-0.249,-0.155,-0.458,-0.360,-0.102,0.300,0.038,-0.224,-0.190,0.056,0.091,0.381,0.090,-0.494,-0.144,0.129,-0.286,-0.327,0.047,-0.254,-0.409,0.304,-0.001,0.192,-0.321,-0.197,0.318,0.456,0.313,0.084,-0.133,-0.242,-0.269,0.234,-0.165,0.239,0.079,-0.310,-0.292,0.023,0.034,0.220,0.091,0.149,0.215,0.080,-0.397,0.343,0.314,-0.073,-0.330,-0.028,-0.008,-0.593,-0.359,-0.132,-0.405,0.312,-0.255,-0.139,0.293,0.007,-0.131,-0.464,0.262,0.013,0.085,0.127,-0.395,-0.412,-0.078,0.078,-0.220,-0.130,-0.266,-0.421,0.164,-0.282,-0.027,[440],51,36,12,1,,29
,[450],0.419,0.386,0.018,-0.097,-0.206,0.242,0.152,0.181,0.027,0.147,0.564,-0.382,0.303,0.232,0.414,0.415,0.465,1.000,0.189,0.258,-0.043,-0.036,-0.298,-0.255,-0.320,-0.295,0.178,-0.736,-0.033,-0.446,0.317,0.335,0.321,0.091,-0.191,-0.693,0.225,-0.005,-0.079,-0.079,-0.027,-0.625,0.365,-0.181,-0.280,-0.060,0.433,-0.212,-0.010,0.195,0.416,-0.350,0.255,0.118,0.475,-0.116,0.395,0.237,-0.141,-0.130,0.064,-0.246,-0.197,0.265,0.485,0.402,-0.210,0.062,0.744,0.557,0.298,-0.203,0.137,0.085,-0.266,-0.069,-0.603,-0.542,0.104,-0.189,-0.100,-0.025,0.387,0.452,-0.132,-0.312,0.064,0.440,0.094,-0.356,-0.577,-0.120,-0.098,-0.102,0.295,-0.537,0.044,-0.163,0.250,0.491,[450],43,33,21,3,,22
,[456],0.093,0.050,-0.094,0.120,-0.273,-0.066,0.299,0.139,0.231,-0.033,0.394,-0.054,-0.047,0.308,0.073,0.253,0.046,0.189,1.000,0.040,0.173,0.244,-0.151,0.126,-0.080,-0.301,-0.084,-0.322,0.090,-0.276,0.005,0.007,0.613,-0.257,0.021,-0.471,-0.049,0.156,0.048,-0.312,-0.010,-0.126,-0.059,0.273,-0.500,0.160,0.426,-0.345,-0.338,-0.219,0.093,-0.123,0.320,-0.135,0.310,0.495,-0.271,0.283,0.234,0.375,0.192,-0.371,-0.116,-0.074,0.464,0.458,-0.313,-0.318,0.001,0.671,-0.122,0.342,0.190,-0.007,0.067,0.116,-0.359,-0.156,0.311,-0.283,-0.122,0.465,0.502,0.411,-0.219,-0.445,0.024,0.252,0.191,-0.243,-0.037,0.555,0.034,-0.087,0.043,-0.274,0.116,-0.143,0.566,0.246,[456],51,34,14,1,,30
,[457],0.565,0.520,0.137,-0.120,0.219,0.248,-0.133,-0.303,-0.254,0.531,0.000,0.038,0.029,0.105,0.444,0.363,-0.060,0.258,0.040,1.000,-0.067,-0.007,0.250,-0.060,0.119,-0.063,0.238,-0.141,0.057,0.108,0.497,-0.198,0.314,0.280,0.020,-0.110,0.012,-0.184,-0.005,-0.181,0.394,0.086,-0.350,-0.155,-0.132,0.026,0.216,-0.003,-0.062,0.117,-0.066,0.276,-0.036,-0.091,0.033,-0.277,-0.265,0.121,-0.018,-0.281,0.039,-0.198,0.119,0.330,0.068,0.068,-0.283,-0.191,-0.033,0.120,-0.157,-0.292,0.164,-0.143,-0.004,0.120,-0.035,-0.037,0.073,-0.033,0.164,-0.013,-0.056,0.084,-0.108,0.023,-0.141,-0.046,0.114,-0.096,-0.151,-0.005,0.003,0.038,0.342,-0.356,-0.162,0.286,0.096,0.166,[457],71,23,5,1,,41
,[463],-0.192,-0.223,-0.430,-0.495,-0.158,-0.232,-0.208,0.053,-0.165,-0.259,0.283,0.095,0.101,0.249,0.129,0.087,-0.013,-0.043,0.173,-0.067,1.000,0.030,0.257,0.067,0.102,-0.017,-0.147,0.044,0.354,-0.155,-0.227,0.188,0.242,-0.333,0.039,-0.124,-0.191,0.268,0.247,-0.202,-0.146,0.091,0.024,0.166,0.031,-0.409,0.014,0.044,-0.133,0.034,0.233,-0.271,0.106,0.233,0.113,0.109,-0.157,-0.132,0.011,-0.086,0.027,-0.262,0.247,-0.258,0.094,-0.018,0.324,0.083,-0.134,0.275,-0.248,0.157,0.174,0.194,0.087,0.012,0.110,0.200,0.025,-0.304,-0.442,0.121,0.096,0.150,0.110,-0.324,0.327,-0.119,0.282,-0.160,-0.008,0.202,0.085,0.066,-0.172,-0.033,0.301,-0.157,0.190,0.038,[463],65,30,4,1,,32
,[464],-0.013,-0.024,-0.481,-0.211,-0.199,-0.131,0.074,-0.295,0.064,-0.185,0.262,0.091,0.021,0.277,0.215,0.005,-0.249,-0.036,0.244,-0.007,0.030,1.000,0.183,0.315,0.163,-0.097,-0.003,-0.217,0.382,-0.067,0.075,0.053,0.252,-0.177,0.120,-0.198,-0.097,0.251,-0.145,-0.278,0.008,-0.044,0.057,-0.115,-0.205,0.197,0.325,-0.363,-0.185,-0.127,-0.146,-0.025,0.175,-0.248,0.300,0.090,-0.250,0.061,0.234,0.206,0.150,-0.179,-0.008,-0.209,0.190,0.377,-0.293,-0.104,-0.119,0.383,-0.118,0.434,0.168,-0.216,0.274,0.252,-0.210,0.204,0.113,-0.062,-0.062,0.160,0.341,0.263,-0.205,-0.227,0.119,0.267,0.116,0.021,-0.089,0.170,-0.133,-0.170,0.357,-0.135,0.211,-0.268,0.508,0.046,[464],58,38,3,1,,28
,[465],0.145,0.122,-0.266,-0.249,0.234,-0.173,-0.417,-0.252,-0.295,0.317,-0.194,0.002,-0.063,-0.009,0.206,0.032,-0.155,-0.298,-0.151,0.250,0.257,0.183,1.000,0.236,0.253,0.087,0.207,0.198,0.309,0.089,0.130,0.117,0.022,0.094,0.071,0.242,-0.027,0.073,0.101,0.045,0.066,0.333,-0.207,-0.182,0.406,-0.358,-0.114,0.084,0.119,0.449,-0.283,0.110,-0.234,0.064,-0.066,-0.334,-0.179,-0.433,-0.031,-0.271,-0.283,0.059,0.566,0.003,-0.340,-0.214,-0.006,-0.125,-0.304,0.008,-0.273,-0.248,0.073,0.038,0.184,0.148,0.282,0.291,-0.174,-0.007,-0.151,0.027,-0.188,-0.091,0.191,0.252,-0.011,-0.234,0.026,0.095,-0.077,-0.185,0.182,-0.084,-0.102,-0.212,-0.135,0.060,0.019,-0.233,[465],60,34,5,1,,33
,[466],-0.212,-0.231,-0.352,-0.063,-0.055,-0.190,0.092,-0.062,0.111,-0.246,0.175,0.237,-0.184,0.092,-0.018,-0.182,-0.458,-0.255,0.126,-0.060,0.067,0.315,0.236,1.000,0.497,0.017,-0.045,-0.045,0.322,-0.018,-0.137,-0.044,0.045,-0.294,0.223,-0.059,-0.145,0.255,-0.023,-0.072,-0.171,0.386,-0.029,-0.051,-0.159,0.226,0.210,-0.183,-0.429,-0.177,-0.253,-0.031,0.144,0.009,-0.089,0.094,-0.324,0.055,0.215,0.228,0.228,-0.046,-0.121,-0.235,0.020,0.273,0.004,-0.112,-0.285,0.154,0.043,0.447,0.050,-0.034,0.347,0.299,0.018,0.310,-0.145,0.062,-0.193,-0.165,0.132,0.175,0.146,-0.348,0.059,-0.040,-0.001,0.127,0.132,0.133,0.175,0.078,0.096,0.035,0.294,-0.246,0.273,0.037,[466],65,30,4,1,,39
,[467],0.159,0.121,-0.197,-0.200,0.138,-0.103,-0.246,-0.364,-0.074,0.090,-0.229,0.380,-0.199,0.085,0.140,0.035,-0.360,-0.320,-0.080,0.119,0.102,0.163,0.253,0.497,1.000,0.381,-0.156,0.153,0.341,0.152,-0.035,-0.110,0.082,0.111,0.103,0.304,0.113,-0.040,0.084,0.079,0.011,0.556,-0.287,0.164,-0.081,0.069,-0.076,0.121,-0.071,0.016,-0.354,0.308,-0.131,-0.016,-0.255,-0.001,-0.415,-0.238,0.056,0.201,0.140,0.008,0.085,0.087,-0.264,-0.068,-0.060,0.125,-0.393,-0.143,-0.163,0.106,-0.068,0.121,0.452,0.215,0.265,0.430,-0.343,0.224,-0.013,-0.180,-0.148,-0.118,0.192,0.081,-0.076,-0.414,0.181,0.309,0.194,-0.042,0.241,0.071,0.141,0.030,0.243,0.106,-0.102,-0.021,[467],68,25,6,1,,32
,[468],0.229,0.222,0.062,0.077,0.324,0.330,-0.516,-0.208,-0.151,0.096,-0.449,0.143,0.040,-0.295,0.003,0.150,-0.102,-0.295,-0.301,-0.063,-0.017,-0.097,0.087,0.017,0.381,1.000,0.100,0.375,-0.045,0.287,-0.095,0.080,-0.162,0.207,-0.300,0.474,-0.049,-0.352,0.334,0.380,0.089,0.227,-0.390,0.061,0.136,-0.011,-0.025,0.399,0.189,0.018,-0.140,0.320,-0.208,0.137,-0.466,-0.006,-0.189,-0.276,-0.352,-0.115,0.014,0.410,-0.002,0.063,-0.454,-0.297,0.196,0.149,-0.408,-0.348,-0.062,-0.395,-0.439,0.277,0.095,-0.269,0.361,0.294,-0.420,0.496,-0.173,-0.368,-0.088,-0.097,0.137,0.236,-0.174,-0.600,0.078,0.492,0.354,-0.278,0.099,0.050,-0.033,0.195,-0.173,0.362,-0.433,0.168,[468],51,35,13,1,,32
,[480],0.040,0.067,0.074,0.144,0.002,0.291,-0.348,0.173,-0.291,0.083,0.154,-0.291,0.146,-0.399,-0.195,-0.035,0.300,0.178,-0.084,0.238,-0.147,-0.003,0.207,-0.045,-0.156,0.100,1.000,-0.024,-0.192,-0.353,0.171,0.168,0.077,-0.265,-0.061,-0.263,0.065,0.033,0.201,-0.154,0.083,-0.171,-0.153,-0.134,0.206,-0.256,0.095,0.155,-0.021,0.033,0.116,-0.072,0.344,0.030,-0.080,0.021,0.330,-0.110,-0.222,-0.154,0.180,0.028,0.424,-0.093,0.313,0.341,0.155,-0.428,0.158,0.082,0.304,-0.317,-0.217,0.134,-0.248,0.082,-0.313,-0.323,0.025,0.046,-0.108,-0.054,0.291,0.257,0.037,0.164,0.039,0.054,0.196,-0.356,-0.155,0.042,-0.024,-0.290,-0.121,-0.522,-0.301,-0.119,-0.046,-0.033,[480],66,30,3,1,,37
,[483],-0.253,-0.207,0.369,0.166,0.343,0.221,-0.184,0.002,-0.027,0.006,-0.612,0.002,-0.191,-0.263,-0.279,-0.220,0.038,-0.736,-0.322,-0.141,0.044,-0.217,0.198,-0.045,0.153,0.375,-0.024,1.000,-0.161,0.528,-0.291,-0.378,-0.162,0.108,-0.243,0.716,-0.356,-0.379,-0.036,0.191,0.018,0.451,-0.261,0.127,0.346,-0.159,-0.637,0.419,0.278,-0.054,-0.328,0.434,-0.502,-0.226,-0.434,-0.125,-0.356,-0.167,-0.154,-0.237,-0.135,0.421,0.265,-0.072,-0.509,-0.500,0.275,-0.230,-0.643,-0.539,-0.413,-0.123,-0.136,-0.170,-0.257,-0.294,0.692,0.363,0.017,0.186,-0.041,0.117,-0.495,-0.612,-0.168,0.460,-0.052,-0.573,-0.137,0.210,0.483,-0.074,0.164,0.149,-0.515,0.438,-0.385,0.490,-0.620,-0.464,[483],41,31,25,3,,16
,[506],0.052,0.000,-0.533,-0.342,-0.039,-0.288,-0.035,-0.289,0.032,-0.052,0.128,0.321,-0.061,0.254,0.272,-0.048,-0.224,-0.033,0.090,0.057,0.354,0.382,0.309,0.322,0.341,-0.045,-0.192,-0.161,1.000,-0.001,-0.034,-0.138,0.282,-0.076,0.162,-0.006,-0.156,0.296,0.023,-0.282,0.111,0.208,-0.131,-0.086,-0.082,-0.075,0.033,-0.094,-0.125,0.036,0.022,0.054,-0.111,-0.015,0.111,0.063,-0.390,-0.079,0.211,0.026,-0.034,-0.257,0.122,-0.211,0.002,0.040,-0.151,0.104,-0.202,0.258,-0.255,0.280,0.273,-0.166,0.281,0.198,0.115,0.532,0.082,-0.098,-0.140,0.140,0.051,0.159,0.003,-0.229,0.169,-0.124,0.191,-0.027,0.035,0.202,0.224,-0.101,0.186,-0.149,0.121,-0.139,0.312,-0.043,[506],67,30,2,1,,39
,[515],0.158,0.222,0.176,0.073,0.507,0.196,0.169,-0.507,0.115,0.320,-0.666,0.216,-0.137,-0.072,0.206,0.178,-0.190,-0.446,-0.276,0.108,-0.155,-0.067,0.089,-0.018,0.152,0.287,-0.353,0.528,-0.001,1.000,0.261,-0.370,-0.236,0.581,-0.123,0.698,-0.230,-0.372,-0.248,0.325,0.244,0.255,-0.266,-0.302,-0.044,0.317,-0.322,0.191,0.302,0.000,-0.357,0.507,-0.578,-0.334,-0.409,-0.481,-0.364,-0.119,-0.062,-0.372,-0.370,0.512,-0.122,0.247,-0.688,-0.576,-0.195,0.030,-0.450,-0.449,-0.428,-0.286,-0.146,-0.307,-0.018,-0.262,0.755,0.483,-0.187,0.417,0.231,-0.208,-0.399,-0.370,-0.216,0.375,-0.056,-0.447,-0.423,0.452,0.319,-0.476,0.054,0.217,0.002,0.380,-0.404,0.755,-0.333,-0.150,[515],33,40,24,3,,14
,[544],0.518,0.562,-0.032,-0.149,0.204,0.225,0.016,-0.517,-0.063,0.482,-0.063,0.084,0.051,0.224,0.339,0.440,0.056,0.317,0.005,0.497,-0.227,0.075,0.130,-0.137,-0.035,-0.095,0.171,-0.291,-0.034,0.261,1.000,0.048,0.115,0.460,-0.039,-0.087,0.390,-0.163,-0.127,0.104,0.316,-0.099,-0.167,-0.263,-0.120,0.277,0.237,-0.050,0.126,0.040,0.015,0.186,-0.015,-0.108,-0.008,-0.332,-0.059,-0.036,-0.120,-0.228,-0.058,0.171,0.003,0.444,-0.169,-0.046,-0.408,-0.070,0.172,0.108,0.015,-0.407,-0.211,-0.070,-0.027,0.114,0.029,-0.112,-0.170,0.219,0.248,-0.172,0.034,0.140,-0.137,0.191,-0.073,0.161,-0.183,0.070,-0.169,-0.402,0.017,-0.085,0.432,-0.292,-0.173,0.353,0.183,0.230,[544],66,21,12,1,,36
,[548],0.063,0.056,-0.295,-0.321,-0.108,0.032,-0.106,0.209,0.045,0.031,0.365,-0.361,-0.068,0.166,0.268,0.301,0.091,0.335,0.007,-0.198,0.188,0.053,0.117,-0.044,-0.110,0.080,0.168,-0.378,-0.138,-0.370,0.048,1.000,-0.096,-0.044,-0.131,-0.366,0.255,0.266,0.153,0.382,-0.445,-0.369,0.436,-0.036,-0.013,-0.234,0.444,0.076,0.056,0.247,0.380,-0.698,0.299,0.347,0.174,-0.021,0.436,-0.141,-0.413,-0.071,0.039,0.114,-0.076,0.057,0.113,0.171,0.286,0.144,0.307,0.314,0.254,-0.162,-0.157,0.561,0.044,0.026,-0.306,-0.205,-0.343,0.045,-0.343,-0.212,0.370,0.391,0.227,-0.107,0.182,0.193,0.187,-0.041,-0.435,-0.233,-0.022,-0.102,0.067,-0.327,0.291,-0.408,0.260,0.386,[548],53,37,9,1,,29
,[549],0.413,0.352,-0.067,-0.221,-0.028,0.259,0.036,-0.034,0.090,0.182,0.298,-0.184,0.093,0.396,0.391,0.434,0.381,0.321,0.613,0.314,0.242,0.252,0.022,0.045,0.082,-0.162,0.077,-0.162,0.282,-0.236,0.115,-0.096,1.000,-0.034,-0.374,-0.289,-0.016,-0.063,-0.120,-0.202,-0.102,0.001,-0.029,0.193,-0.265,-0.107,0.168,-0.004,-0.019,0.103,0.001,0.108,0.010,-0.263,0.307,0.276,-0.385,0.286,-0.035,0.024,0.195,-0.331,0.126,-0.073,0.306,0.467,-0.162,-0.391,-0.065,0.705,-0.358,0.093,0.162,-0.049,-0.182,-0.077,-0.231,-0.166,0.329,-0.301,-0.304,0.439,0.254,0.101,-0.475,-0.235,0.125,0.025,0.276,-0.242,-0.163,0.394,0.207,-0.272,0.183,-0.459,-0.074,0.070,0.235,0.254,[549],52,39,7,2,,30
,[550],0.636,0.617,0.226,-0.019,0.407,0.214,0.037,-0.477,0.003,0.641,-0.474,-0.054,0.007,0.039,0.440,0.469,0.090,0.091,-0.257,0.280,-0.333,-0.177,0.094,-0.294,0.111,0.207,-0.265,0.108,-0.076,0.581,0.460,-0.044,-0.034,1.000,-0.230,0.398,0.208,-0.397,-0.280,0.437,0.280,-0.024,-0.066,-0.258,-0.024,0.118,-0.160,0.248,0.508,0.345,-0.184,0.331,-0.558,-0.236,-0.191,-0.542,-0.132,-0.125,-0.194,-0.364,-0.433,0.335,-0.087,0.494,-0.470,-0.411,-0.330,0.083,-0.028,-0.182,-0.325,-0.541,-0.086,-0.208,-0.092,-0.304,0.370,0.059,-0.135,0.328,0.338,-0.136,-0.333,-0.263,-0.168,0.508,-0.067,-0.228,-0.241,0.281,-0.124,-0.609,-0.021,-0.072,0.242,0.021,-0.338,0.596,-0.337,-0.015,[550],41,36,22,1,,26
,[552],-0.401,-0.405,-0.326,0.093,-0.440,-0.726,0.043,-0.135,-0.165,-0.335,0.104,0.495,-0.013,-0.084,-0.309,-0.481,-0.494,-0.191,0.021,0.020,0.039,0.120,0.071,0.223,0.103,-0.300,-0.061,-0.243,0.162,-0.123,-0.039,-0.131,-0.374,-0.230,1.000,-0.165,0.077,0.547,0.111,-0.465,0.331,0.076,-0.039,0.126,-0.088,0.141,0.020,-0.379,-0.347,-0.345,-0.020,-0.178,0.375,0.094,-0.024,0.108,0.116,-0.053,0.607,0.484,0.093,-0.455,0.102,-0.257,0.261,0.046,-0.196,0.068,0.112,-0.169,0.104,0.429,0.194,-0.087,0.599,0.629,-0.164,0.176,0.078,-0.018,0.427,-0.112,0.014,0.311,0.479,-0.122,0.072,0.330,0.045,-0.088,-0.006,0.233,-0.132,0.060,0.138,0.079,0.359,-0.453,0.382,-0.462,[552],60,20,18,2,,32
,[554],0.015,0.054,0.169,0.054,0.534,0.093,-0.241,-0.371,-0.115,0.228,-0.914,0.244,-0.100,-0.203,-0.083,-0.073,-0.144,-0.693,-0.471,-0.110,-0.124,-0.198,0.242,-0.059,0.304,0.474,-0.263,0.716,-0.006,0.698,-0.087,-0.366,-0.289,0.398,-0.165,1.000,-0.165,-0.415,-0.100,0.410,0.086,0.530,-0.368,-0.001,0.334,0.104,-0.587,0.405,0.448,0.137,-0.531,0.578,-0.680,-0.239,-0.537,-0.245,-0.343,-0.206,-0.131,-0.263,-0.294,0.468,0.083,0.145,-0.802,-0.597,0.083,0.178,-0.573,-0.686,-0.444,-0.239,-0.218,-0.106,0.113,-0.280,0.851,0.448,-0.283,0.322,0.167,-0.110,-0.621,-0.724,-0.109,0.583,-0.205,-0.661,-0.227,0.448,0.426,-0.341,0.230,0.131,-0.122,0.499,-0.296,0.613,-0.570,-0.353,[554],35,30,29,6,,14
,[561],0.172,0.154,-0.049,-0.071,-0.199,-0.139,-0.021,-0.074,0.155,0.189,-0.009,0.087,-0.117,0.205,0.062,0.174,0.129,0.225,-0.049,0.012,-0.191,-0.097,-0.027,-0.145,0.113,-0.049,0.065,-0.356,-0.156,-0.230,0.390,0.255,-0.016,0.208,0.077,-0.165,1.000,-0.039,-0.022,0.094,0.052,0.001,0.049,0.077,0.076,-0.048,0.089,0.161,0.150,0.105,-0.086,-0.102,0.187,0.080,-0.013,0.013,0.309,-0.272,-0.099,0.246,0.127,-0.052,0.033,0.232,0.045,0.103,-0.050,0.060,0.316,0.032,0.207,-0.130,-0.287,0.210,0.128,0.274,-0.273,-0.336,-0.131,0.039,0.310,-0.090,0.012,-0.011,0.208,0.311,-0.049,0.361,0.166,0.014,-0.201,-0.136,-0.066,-0.251,0.272,-0.080,0.200,-0.099,-0.030,0.064,[561],73,26,0,1,,47
,[576],-0.337,-0.390,-0.529,-0.243,-0.368,-0.548,0.196,0.060,0.082,-0.357,0.503,0.125,0.031,0.080,-0.078,-0.374,-0.286,-0.005,0.156,-0.184,0.268,0.251,0.073,0.255,-0.040,-0.352,0.033,-0.379,0.296,-0.372,-0.163,0.266,-0.063,-0.397,0.547,-0.415,-0.039,1.000,0.074,-0.323,-0.200,-0.114,0.238,-0.074,-0.061,-0.063,0.165,-0.339,-0.307,0.045,0.234,-0.486,0.421,0.196,0.289,0.297,0.199,0.049,0.480,0.292,-0.011,-0.399,0.142,-0.488,0.334,0.268,-0.053,-0.035,0.187,0.249,0.187,0.370,0.257,0.079,0.265,0.340,-0.343,0.008,0.130,-0.265,-0.136,0.055,0.283,0.446,0.371,-0.316,0.452,0.367,-0.008,-0.255,-0.256,0.255,-0.223,-0.110,0.058,-0.239,0.346,-0.702,0.514,-0.148,[576],41,45,12,2,,25
,[577],0.053,0.102,-0.080,-0.012,0.077,-0.058,-0.397,-0.075,-0.276,-0.025,0.098,0.177,0.120,-0.405,-0.247,0.085,-0.327,-0.079,0.048,-0.005,0.247,-0.145,0.101,-0.023,0.084,0.334,0.201,-0.036,0.023,-0.248,-0.127,0.153,-0.120,-0.280,0.111,-0.100,-0.022,0.074,1.000,-0.060,0.234,0.036,-0.381,0.270,-0.096,-0.146,0.216,-0.077,-0.370,-0.301,0.318,-0.017,0.488,0.639,-0.335,0.382,0.098,-0.381,-0.132,0.071,-0.039,0.025,0.064,-0.078,0.128,-0.080,0.342,0.408,-0.122,-0.080,0.358,-0.093,-0.299,0.489,0.212,-0.036,-0.120,0.087,-0.371,0.275,-0.202,-0.357,0.397,0.369,0.626,-0.240,0.197,-0.155,0.189,0.245,0.415,0.144,-0.037,0.099,-0.194,-0.037,0.219,-0.163,0.058,0.286,[577],59,33,7,1,,39
,[579],0.306,0.376,0.122,-0.122,0.545,0.401,-0.072,-0.075,0.069,0.369,-0.356,-0.203,-0.099,-0.072,0.131,0.292,0.047,-0.079,-0.312,-0.181,-0.202,-0.278,0.045,-0.072,0.079,0.380,-0.154,0.191,-0.282,0.325,0.104,0.382,-0.202,0.437,-0.465,0.410,0.094,-0.323,-0.060,1.000,-0.437,-0.005,0.118,-0.068,0.088,0.099,-0.033,0.402,0.447,0.238,-0.050,-0.027,-0.334,0.100,-0.280,-0.234,0.069,-0.067,-0.606,-0.283,-0.220,0.615,-0.201,0.346,-0.549,-0.391,0.229,0.234,-0.157,-0.251,-0.066,-0.438,-0.290,0.291,-0.113,-0.340,0.349,-0.044,-0.518,0.409,-0.207,-0.370,-0.215,-0.267,-0.048,0.376,-0.168,-0.364,-0.250,0.453,-0.056,-0.578,0.281,-0.032,0.013,0.026,-0.044,0.274,-0.343,0.282,[579],41,42,16,1,,29
,[582],0.236,0.236,0.081,0.319,-0.045,-0.141,-0.154,-0.429,-0.244,0.230,-0.240,0.301,0.082,-0.329,0.009,0.035,-0.254,-0.027,-0.010,0.394,-0.146,0.008,0.066,-0.171,0.011,0.089,0.083,0.018,0.111,0.244,0.316,-0.445,-0.102,0.280,0.331,0.086,0.052,-0.200,0.234,-0.437,1.000,0.155,-0.478,-0.066,-0.100,0.054,-0.131,-0.131,-0.126,-0.191,-0.031,0.458,0.030,-0.103,-0.218,-0.061,-0.152,-0.180,0.268,0.019,-0.195,-0.198,0.050,0.075,0.062,-0.157,-0.400,0.084,-0.051,-0.189,-0.094,-0.178,-0.016,-0.318,0.223,0.135,0.076,0.110,0.038,0.186,0.486,0.037,-0.046,0.092,0.175,0.065,-0.022,0.020,-0.050,0.072,0.307,-0.029,-0.174,0.021,0.050,0.043,-0.246,0.327,-0.030,-0.179,[582],69,24,6,1,,44
,[588],-0.130,-0.164,-0.036,-0.025,0.069,-0.182,-0.164,-0.222,0.026,-0.029,-0.433,0.440,-0.236,0.002,-0.057,-0.301,-0.409,-0.625,-0.126,0.086,0.091,-0.044,0.333,0.386,0.556,0.227,-0.171,0.451,0.208,0.255,-0.099,-0.369,0.001,-0.024,0.076,0.530,0.001,-0.114,0.036,-0.005,0.155,1.000,-0.474,0.052,0.201,0.031,-0.369,0.174,-0.059,0.003,-0.487,0.474,-0.244,-0.039,-0.256,0.075,-0.553,-0.151,0.175,0.116,0.060,-0.007,0.212,-0.080,-0.437,-0.226,-0.002,-0.021,-0.592,-0.379,-0.332,0.157,-0.062,-0.096,0.341,0.254,0.492,0.351,-0.173,0.009,0.088,0.124,-0.457,-0.517,0.144,0.171,-0.168,-0.406,-0.078,0.246,0.525,0.148,0.245,0.156,-0.039,0.327,0.045,0.239,-0.282,-0.249,[588],55,26,18,1,,35
,[593],-0.215,-0.240,-0.106,-0.206,-0.267,-0.058,0.337,0.391,0.337,-0.231,0.433,-0.447,-0.108,0.261,0.154,-0.038,0.304,0.365,-0.059,-0.350,0.024,0.057,-0.207,-0.029,-0.287,-0.390,-0.153,-0.261,-0.131,-0.266,-0.167,0.436,-0.029,-0.066,-0.039,-0.368,0.049,0.238,-0.381,0.118,-0.478,-0.474,1.000,0.012,0.114,-0.173,0.018,-0.106,0.116,0.198,0.246,-0.555,0.015,-0.086,0.416,-0.074,0.448,0.197,-0.106,0.097,0.039,-0.127,-0.186,-0.191,0.261,0.220,0.122,0.041,0.496,0.294,0.110,0.166,0.238,0.101,-0.234,0.005,-0.386,-0.269,0.130,-0.185,-0.177,-0.012,0.055,0.118,-0.101,-0.163,0.231,0.395,-0.135,-0.207,-0.506,-0.089,0.006,-0.131,-0.030,-0.087,0.181,-0.413,0.171,0.027,[593],57,31,11,1,,26
,[608],-0.123,-0.111,-0.012,0.070,-0.147,-0.099,-0.274,0.185,-0.139,-0.172,-0.047,0.082,-0.243,0.008,-0.329,-0.009,-0.001,-0.181,0.273,-0.155,0.166,-0.115,-0.182,-0.051,0.164,0.061,-0.134,0.127,-0.086,-0.302,-0.263,-0.036,0.193,-0.258,0.126,-0.001,0.077,-0.074,0.270,-0.068,-0.066,0.052,0.012,1.000,-0.124,0.044,-0.021,0.080,-0.095,-0.399,-0.017,0.064,0.202,0.091,-0.144,0.604,-0.137,0.107,0.018,0.522,0.341,-0.148,-0.010,-0.160,0.195,0.177,0.270,0.125,-0.150,-0.024,0.031,0.329,-0.045,0.334,0.189,0.127,-0.099,-0.037,-0.040,-0.064,-0.021,0.113,0.051,-0.035,0.107,-0.096,-0.118,-0.108,0.430,0.082,0.249,0.390,0.266,0.032,-0.071,0.224,0.366,-0.126,0.011,-0.038,[608],77,19,3,1,,44
,[609],-0.245,-0.301,0.087,-0.111,0.051,-0.092,-0.337,0.101,-0.087,-0.075,-0.238,-0.134,0.108,-0.122,-0.206,-0.345,0.192,-0.280,-0.500,-0.132,0.031,-0.205,0.406,-0.159,-0.081,0.136,0.206,0.346,-0.082,-0.044,-0.120,-0.013,-0.265,-0.024,-0.088,0.334,0.076,-0.061,-0.096,0.088,-0.100,0.201,0.114,-0.124,1.000,-0.444,-0.423,0.289,0.361,0.434,-0.153,0.061,-0.346,0.056,-0.011,-0.263,0.157,-0.345,-0.202,-0.165,-0.053,0.131,0.503,-0.140,-0.379,-0.349,0.200,-0.025,-0.043,-0.266,-0.060,-0.259,-0.047,0.106,-0.173,-0.111,0.169,-0.008,-0.018,-0.080,-0.064,-0.010,-0.437,-0.457,0.126,0.404,-0.129,-0.152,-0.162,-0.032,0.002,-0.143,0.075,-0.077,-0.227,0.167,-0.274,-0.019,-0.416,-0.351,[609],62,27,10,1,,35
,[613],0.072,0.095,-0.040,0.285,0.048,0.102,0.387,-0.213,0.166,-0.042,-0.189,0.284,-0.078,0.148,-0.032,-0.059,-0.321,-0.060,0.160,0.026,-0.409,0.197,-0.358,0.226,0.069,-0.011,-0.256,-0.159,-0.075,0.317,0.277,-0.234,-0.107,0.118,0.141,0.104,-0.048,-0.063,-0.146,0.099,0.054,0.031,-0.173,0.044,-0.444,1.000,0.275,-0.199,-0.112,-0.384,-0.203,0.275,0.021,-0.138,-0.155,0.102,-0.171,0.461,0.254,0.177,0.139,0.191,-0.453,0.370,-0.106,0.108,-0.400,0.132,-0.008,-0.157,0.130,0.237,0.000,-0.184,0.222,0.061,0.105,0.107,-0.105,0.165,0.411,-0.131,0.091,0.097,-0.150,-0.065,-0.239,-0.009,-0.259,0.241,0.152,-0.068,0.063,0.228,0.440,0.267,0.148,0.192,0.129,0.153,[613],68,25,6,1,,29
,[616],0.242,0.218,-0.287,-0.096,-0.177,-0.012,0.152,0.032,0.113,0.003,0.494,0.015,0.044,0.285,0.254,0.389,-0.197,0.433,0.426,0.216,0.014,0.325,-0.114,0.210,-0.076,-0.025,0.095,-0.637,0.033,-0.322,0.237,0.444,0.168,-0.160,0.020,-0.587,0.089,0.165,0.216,-0.033,-0.131,-0.369,0.018,-0.021,-0.423,0.275,1.000,-0.248,-0.350,-0.219,0.342,-0.355,0.517,0.245,0.235,0.129,0.056,0.145,-0.062,0.177,0.258,-0.098,-0.400,0.135,0.351,0.474,-0.117,0.064,0.190,0.528,0.342,0.171,-0.059,0.243,0.160,0.193,-0.514,-0.065,-0.136,-0.015,-0.107,-0.203,0.633,0.649,0.072,-0.460,-0.052,0.237,0.218,0.009,-0.224,0.115,-0.124,0.058,0.457,-0.290,0.387,-0.320,0.589,0.622,[616],49,33,17,1,,27
,[617],0.112,0.093,0.089,-0.163,0.296,0.317,-0.281,0.152,-0.090,0.214,-0.359,-0.143,-0.063,-0.157,0.044,0.106,0.318,-0.212,-0.345,-0.003,0.044,-0.363,0.084,-0.183,0.121,0.399,0.155,0.419,-0.094,0.191,-0.050,0.076,-0.004,0.248,-0.379,0.405,0.161,-0.339,-0.077,0.402,-0.131,0.174,-0.106,0.080,0.289,-0.199,-0.248,1.000,0.518,0.166,-0.097,0.046,-0.444,-0.198,-0.350,-0.119,-0.038,-0.078,-0.450,-0.251,0.073,0.300,0.115,0.051,-0.211,-0.153,0.438,-0.130,-0.323,-0.230,-0.211,-0.322,-0.166,0.082,-0.320,-0.285,0.337,0.097,-0.037,0.040,0.086,0.077,-0.262,-0.369,-0.170,0.570,0.012,-0.477,0.266,-0.012,-0.009,-0.132,0.209,-0.366,0.020,0.097,-0.215,0.286,-0.538,-0.135,[617],56,33,10,1,,31
,[618],0.292,0.273,0.225,-0.029,0.262,0.209,-0.101,-0.052,-0.049,0.399,-0.483,-0.210,-0.008,-0.039,0.241,0.117,0.456,-0.010,-0.338,-0.062,-0.133,-0.185,0.119,-0.429,-0.071,0.189,-0.021,0.278,-0.125,0.302,0.126,0.056,-0.019,0.508,-0.347,0.448,0.150,-0.307,-0.370,0.447,-0.126,-0.059,0.116,-0.095,0.361,-0.112,-0.350,0.518,1.000,0.453,-0.269,0.091,-0.606,-0.262,0.108,-0.345,0.135,0.006,-0.198,-0.368,-0.221,0.321,0.157,0.183,-0.440,-0.231,0.015,-0.019,-0.021,-0.193,-0.400,-0.453,0.069,-0.151,-0.316,-0.272,0.275,-0.008,0.017,-0.058,0.157,0.119,-0.402,-0.466,-0.388,0.664,-0.196,-0.242,-0.071,0.011,-0.265,-0.386,0.212,-0.156,0.107,0.012,-0.347,0.331,-0.463,-0.202,[618],49,35,15,1,,25
,[623],0.354,0.255,0.033,-0.176,0.183,0.060,-0.117,-0.025,-0.013,0.437,-0.120,-0.359,0.096,0.107,0.496,0.160,0.313,0.195,-0.219,0.117,0.034,-0.127,0.449,-0.177,0.016,0.018,0.033,-0.054,0.036,0.000,0.040,0.247,0.103,0.345,-0.345,0.137,0.105,0.045,-0.301,0.238,-0.191,0.003,0.198,-0.399,0.434,-0.384,-0.219,0.166,0.453,1.000,-0.136,0.034,-0.458,-0.045,0.284,-0.415,0.215,-0.151,-0.101,-0.434,-0.406,0.034,0.334,0.129,-0.331,-0.161,-0.156,-0.038,0.225,0.124,-0.197,-0.544,0.210,0.056,-0.180,-0.217,0.055,-0.165,-0.041,-0.205,-0.172,0.137,-0.266,-0.247,-0.057,0.293,-0.076,-0.062,-0.176,-0.051,-0.466,-0.386,0.064,-0.105,-0.035,-0.279,-0.324,0.127,-0.256,-0.020,[623],60,28,11,1,,29
,[624],-0.011,0.032,-0.041,-0.086,-0.103,0.061,0.089,0.184,-0.006,-0.119,0.561,-0.195,0.073,-0.027,0.002,0.138,0.084,0.416,0.093,-0.066,0.233,-0.146,-0.283,-0.253,-0.354,-0.140,0.116,-0.328,0.022,-0.357,0.015,0.380,0.001,-0.184,-0.020,-0.531,-0.086,0.234,0.318,-0.050,-0.031,-0.487,0.246,-0.017,-0.153,-0.203,0.342,-0.097,-0.269,-0.136,1.000,-0.480,0.426,0.363,0.079,0.079,0.347,-0.006,-0.283,-0.011,0.030,-0.169,-0.168,-0.079,0.409,0.075,0.220,0.124,0.346,0.325,0.251,-0.029,-0.106,0.227,-0.135,-0.034,-0.350,-0.108,-0.033,0.064,-0.289,-0.134,0.364,0.519,0.177,-0.366,0.319,0.223,0.088,-0.100,-0.214,-0.011,-0.067,-0.031,-0.117,-0.319,0.160,-0.348,0.275,0.347,[624],59,32,8,1,,37
,[625],0.284,0.301,0.271,0.330,0.336,0.240,-0.195,-0.502,-0.074,0.279,-0.627,0.279,0.007,-0.170,-0.043,0.030,-0.133,-0.350,-0.123,0.276,-0.271,-0.025,0.110,-0.031,0.308,0.320,-0.072,0.434,0.054,0.507,0.186,-0.698,0.108,0.331,-0.178,0.578,-0.102,-0.486,-0.017,-0.027,0.458,0.474,-0.555,0.064,0.061,0.275,-0.355,0.046,0.091,0.034,-0.480,1.000,-0.377,-0.235,-0.366,-0.064,-0.421,-0.082,0.079,-0.074,-0.169,0.234,0.163,0.194,-0.486,-0.317,-0.328,0.019,-0.374,-0.385,-0.209,-0.238,-0.140,-0.240,0.061,-0.136,0.438,0.213,-0.129,0.289,0.224,-0.016,-0.345,-0.432,-0.122,0.278,-0.359,-0.442,-0.205,0.421,0.511,-0.108,0.215,0.214,0.001,0.286,-0.348,0.716,-0.472,-0.125,[625],41,38,19,2,,23
,[626],-0.210,-0.154,-0.212,0.085,-0.397,-0.229,0.034,0.149,-0.014,-0.313,0.593,0.114,-0.001,-0.139,-0.274,-0.044,-0.242,0.255,0.320,-0.036,0.106,0.175,-0.234,0.144,-0.131,-0.208,0.344,-0.502,-0.111,-0.578,-0.015,0.299,0.010,-0.558,0.375,-0.680,0.187,0.421,0.488,-0.334,0.030,-0.244,0.015,0.202,-0.346,0.021,0.517,-0.444,-0.606,-0.458,0.426,-0.377,1.000,0.413,0.042,0.466,0.374,-0.045,0.092,0.416,0.294,-0.321,-0.073,-0.239,0.620,0.458,0.164,0.060,0.306,0.268,0.564,0.310,-0.216,0.307,0.270,0.450,-0.645,-0.316,-0.122,0.017,-0.136,-0.238,0.640,0.666,0.453,-0.491,0.207,0.429,0.250,-0.102,0.005,0.360,-0.252,0.020,0.024,-0.268,0.475,-0.578,0.476,0.293,[626],34,37,28,1,,20
,[627],-0.064,-0.032,-0.109,-0.027,-0.106,-0.189,-0.188,0.105,-0.155,-0.142,0.237,0.064,0.082,-0.134,-0.190,-0.056,-0.269,0.118,-0.135,-0.091,0.233,-0.248,0.064,0.009,-0.016,0.137,0.030,-0.226,-0.015,-0.334,-0.108,0.347,-0.263,-0.236,0.094,-0.239,0.080,0.196,0.639,0.100,-0.103,-0.039,-0.086,0.091,0.056,-0.138,0.245,-0.198,-0.262,-0.045,0.363,-0.235,0.413,1.000,-0.006,0.082,0.308,-0.307,-0.075,0.024,-0.123,0.121,0.049,0.084,-0.029,-0.173,0.265,0.437,0.147,-0.084,0.506,-0.091,-0.181,0.497,0.123,-0.005,-0.191,-0.036,-0.395,0.151,-0.277,-0.462,0.251,0.297,0.652,-0.316,0.048,0.082,-0.004,0.194,0.175,-0.090,-0.038,0.335,-0.175,-0.008,0.319,-0.309,-0.027,0.361,[627],66,26,7,1,,37
,[629],0.025,-0.080,-0.102,-0.153,-0.501,-0.188,0.280,0.259,0.173,-0.113,0.507,-0.260,0.136,0.459,0.310,-0.102,0.234,0.475,0.310,0.033,0.113,0.300,-0.066,-0.089,-0.255,-0.466,-0.080,-0.434,0.111,-0.409,-0.008,0.174,0.307,-0.191,-0.024,-0.537,-0.013,0.289,-0.335,-0.280,-0.218,-0.256,0.416,-0.144,-0.011,-0.155,0.235,-0.350,0.108,0.284,0.079,-0.366,0.042,-0.006,1.000,0.010,0.107,0.358,0.383,0.030,0.063,-0.401,-0.017,-0.098,0.299,0.336,-0.334,-0.132,0.425,0.494,-0.083,0.210,0.546,-0.162,-0.204,0.172,-0.512,-0.258,0.451,-0.566,-0.085,0.457,0.073,0.128,-0.283,-0.270,-0.090,0.537,-0.060,-0.454,-0.495,0.254,-0.102,-0.054,0.135,-0.271,0.077,-0.408,0.358,0.069,[629],47,31,21,1,,26
,[640],-0.201,-0.229,-0.186,0.079,-0.280,-0.141,-0.044,0.256,0.090,-0.332,0.254,0.099,-0.127,-0.095,-0.376,-0.200,-0.165,-0.116,0.495,-0.277,0.109,0.090,-0.334,0.094,-0.001,-0.006,0.021,-0.125,0.063,-0.481,-0.332,-0.021,0.276,-0.542,0.108,-0.245,0.013,0.297,0.382,-0.234,-0.061,0.075,-0.074,0.604,-0.263,0.102,0.129,-0.119,-0.345,-0.415,0.079,-0.064,0.466,0.082,0.010,1.000,-0.082,0.252,0.217,0.598,0.366,-0.317,-0.105,-0.434,0.445,0.404,0.162,0.053,-0.112,0.177,0.191,0.452,0.044,0.224,0.155,0.117,-0.343,-0.199,0.157,-0.197,-0.143,0.280,0.358,0.207,0.108,-0.395,0.087,0.082,0.321,-0.101,0.328,0.693,0.043,-0.198,-0.032,0.036,0.374,-0.380,0.277,0.152,[640],55,32,12,1,,28
,[641],-0.154,-0.109,0.082,0.182,-0.231,-0.089,0.039,0.311,-0.024,-0.067,0.222,-0.306,0.120,-0.281,-0.162,-0.112,0.239,0.395,-0.271,-0.265,-0.157,-0.250,-0.179,-0.324,-0.415,-0.189,0.330,-0.356,-0.390,-0.364,-0.059,0.436,-0.385,-0.132,0.116,-0.343,0.309,0.199,0.098,0.069,-0.152,-0.553,0.448,-0.137,0.157,-0.171,0.056,-0.038,0.135,0.215,0.347,-0.421,0.374,0.308,0.107,-0.082,1.000,-0.101,-0.108,-0.037,-0.091,0.037,0.034,0.010,0.250,0.074,0.190,0.191,0.700,-0.051,0.527,-0.251,-0.063,0.289,-0.158,0.048,-0.479,-0.478,-0.125,0.034,0.036,-0.292,0.243,0.267,0.307,0.068,0.109,0.402,-0.071,-0.141,-0.376,-0.223,-0.128,-0.086,-0.113,-0.192,0.064,-0.357,-0.092,0.039,[641],57,32,10,1,,28
,[645],0.032,-0.018,0.058,0.141,-0.154,0.191,0.334,0.272,0.061,-0.081,0.180,-0.119,0.027,0.253,0.087,-0.149,0.079,0.237,0.283,0.121,-0.132,0.061,-0.433,0.055,-0.238,-0.276,-0.110,-0.167,-0.079,-0.119,-0.036,-0.141,0.286,-0.125,-0.053,-0.206,-0.272,0.049,-0.381,-0.067,-0.180,-0.151,0.197,0.107,-0.345,0.461,0.145,-0.078,0.006,-0.151,-0.006,-0.082,-0.045,-0.307,0.358,0.252,-0.101,1.000,0.258,0.046,0.313,-0.253,-0.406,0.082,0.302,0.297,-0.217,-0.200,0.185,0.138,-0.141,0.277,0.462,-0.310,-0.229,0.075,-0.201,-0.204,0.429,-0.367,0.138,0.371,-0.072,0.023,-0.518,-0.197,-0.168,0.161,-0.130,-0.331,-0.263,0.312,0.189,-0.039,0.231,-0.088,0.052,-0.097,0.217,0.046,[645],59,34,6,1,,30
