


,,[257],[260],[293],[326],[355],[356],[357],[358],[359],[384],[388],[389],[390],[391],[407],[416],[421],[422],[423],[427],[429],[431],[432],[437],[438],[439],[440],[448],[450],[452],[456],[457],[463],[464],[465],[466],[467],[468],[473],[474],[476],[480],[483],[506],[507],[512],[513],[515],[544],[547],[548],[549],[550],[551],[552],[554],[556],[557],[560],[561],[562],[576],[577],[579],[580],[581],[582],[583],[584],[588],[590],[591],[592],[593],[608],[609],[613],[615],[616],[617],[618],[619],[621],[622],[623],[624],[625],[626],[627],[629],[640],[641],[645],[646],[647],[648],[649],[650],[651],[652],[653],[654],[655],[656],[657],[658],[659],[660],[662],[663],[665],[674],[677],[678],[680],[681],[682],[683],[684],[686],[688],[689],[690],[691],[693],[694],[695],[696],[711],[713],[714],[716],[717],[719],[721],[722],[723],[724],[725],[726],[727],[728],[741],[742],[748],[753],[754],[755],[756],[757],[758],[759],[761],[762],[780],[785],[786],[787],[790],[791],[792],[794],[809],[810],[812],[816],[817],[818],[819],[820],[821],[822],[823],[824],[825],[848],[849],[854],[857],[879],[880],[881],[883],[884],[885],[886],[890],[910],[911],[914],[916],[922],[923],[924],[925],[948],[950],[955],[987],[989],,0~0.2,0.2~0.4,0.4~0.7,0.7~1,,0~0.1
,[257],1.000,-0.538,-0.550,-0.557,0.213,-0.114,-0.018,-0.000,-0.292,-0.198,-0.148,0.488,-0.124,-0.460,0.415,-0.286,-0.253,0.024,0.444,-0.253,-0.237,-0.189,-0.151,-0.153,-0.455,-0.458,0.058,-0.183,-0.146,-0.262,0.042,-0.251,0.277,0.101,0.276,0.161,-0.040,-0.188,0.324,-0.037,-0.002,0.459,0.098,0.062,-0.094,-0.504,0.147,-0.585,-0.451,0.155,0.216,-0.018,-0.616,0.605,0.176,-0.301,0.032,-0.064,-0.146,-0.153,-0.329,0.413,0.209,-0.266,0.252,-0.614,-0.294,0.002,-0.253,-0.010,0.141,-0.021,-0.115,0.149,0.119,0.351,-0.414,0.139,-0.064,-0.023,-0.268,-0.253,0.261,-0.220,-0.013,0.234,-0.380,0.334,0.261,0.057,0.215,0.214,-0.179,0.006,0.193,0.188,0.245,0.185,-0.172,-0.129,0.524,0.288,0.164,-0.002,-0.363,-0.041,-0.095,0.387,0.207,0.037,0.071,0.299,0.038,0.176,0.362,-0.261,-0.247,0.002,-0.584,0.146,0.256,-0.441,0.265,0.261,-0.194,0.102,0.137,-0.393,0.380,-0.095,0.006,-0.564,0.376,0.118,-0.339,0.368,0.101,0.168,-0.272,-0.087,0.414,-0.591,-0.082,0.384,-0.370,-0.601,0.237,-0.519,0.165,-0.241,-0.300,0.184,-0.186,-0.116,0.286,0.243,0.094,0.187,0.249,-0.144,0.259,-0.288,-0.037,0.102,0.232,-0.390,0.224,-0.399,0.324,-0.064,0.010,0.362,-0.220,0.279,-0.051,0.241,-0.351,-0.558,-0.134,-0.411,-0.251,-0.263,-0.020,-0.356,0.150,-0.224,-0.554,0.146,-0.120,0.138,-0.152,-0.590,0.078,0.254,-0.275,0.520,0.290,0.476,0.022,0.247,[257],91,76,32,1,,41
,[260],-0.538,1.000,0.963,0.964,-0.562,0.096,-0.151,-0.088,0.477,0.397,-0.174,-0.412,-0.189,0.812,-0.122,0.303,-0.145,0.062,-0.377,0.415,0.491,0.446,0.379,0.015,0.639,0.705,0.130,0.409,0.419,0.501,0.093,0.565,-0.192,-0.013,0.145,-0.212,0.159,0.229,-0.618,0.014,0.163,0.040,-0.253,0.052,0.255,0.242,0.132,0.158,0.518,0.121,0.063,0.413,0.636,-0.322,-0.401,0.015,-0.056,-0.322,0.321,0.172,0.280,-0.337,0.053,0.306,-0.046,0.561,0.236,0.387,0.448,-0.130,-0.162,-0.039,0.428,-0.215,-0.123,-0.245,0.072,-0.364,0.242,0.112,0.292,0.041,-0.020,0.353,0.354,-0.011,0.284,-0.210,-0.064,0.025,-0.201,-0.154,0.032,-0.242,-0.323,-0.153,0.067,-0.266,0.073,-0.059,-0.110,-0.467,-0.323,-0.214,0.431,-0.008,-0.126,-0.137,0.009,0.243,-0.454,-0.563,-0.197,-0.488,-0.318,0.095,0.195,0.027,0.344,0.241,-0.196,-0.049,-0.583,-0.234,0.328,-0.021,0.009,0.546,-0.665,-0.043,0.283,0.255,-0.484,-0.207,0.217,-0.092,-0.206,-0.118,-0.025,-0.120,-0.332,0.415,-0.127,-0.215,0.181,0.591,-0.200,0.447,-0.159,0.142,0.003,-0.089,0.448,-0.014,-0.170,0.052,-0.135,0.094,-0.166,0.130,-0.111,0.374,-0.448,-0.202,-0.005,-0.051,-0.265,0.188,-0.443,-0.254,0.048,-0.329,0.067,-0.577,0.116,-0.292,0.349,0.536,-0.154,0.388,0.066,-0.094,0.182,0.233,-0.205,-0.471,0.771,-0.223,0.197,-0.067,0.118,0.412,-0.014,-0.016,0.467,-0.351,-0.103,-0.351,0.546,-0.485,[260],94,58,42,6,,49
,[293],-0.550,0.963,1.000,0.999,-0.551,0.133,-0.115,-0.058,0.572,0.459,-0.189,-0.466,-0.241,0.811,-0.159,0.410,-0.145,0.071,-0.388,0.384,0.477,0.431,0.357,-0.071,0.563,0.733,0.112,0.501,0.386,0.346,0.050,0.520,-0.223,-0.024,0.122,-0.231,0.121,0.222,-0.567,-0.002,0.162,0.067,-0.207,0.000,0.239,0.201,0.183,0.222,0.562,0.209,0.056,0.352,0.617,-0.356,-0.405,0.054,-0.072,-0.297,0.288,0.154,0.312,-0.390,0.102,0.376,-0.137,0.589,0.236,0.468,0.472,-0.164,-0.194,0.018,0.375,-0.240,-0.111,-0.301,0.095,-0.347,0.218,0.093,0.273,0.068,-0.062,0.379,0.255,0.032,0.301,-0.154,-0.032,-0.080,-0.229,-0.109,-0.018,-0.330,-0.346,-0.267,0.089,-0.303,0.185,-0.123,-0.126,-0.505,-0.297,-0.199,0.456,-0.073,-0.195,-0.175,-0.055,0.365,-0.498,-0.564,-0.165,-0.575,-0.258,0.127,0.174,0.002,0.299,0.167,-0.155,-0.044,-0.607,-0.329,0.337,-0.153,0.029,0.508,-0.685,-0.040,0.292,0.311,-0.552,-0.217,0.191,-0.129,-0.214,-0.072,0.024,-0.232,-0.379,0.458,-0.111,-0.246,0.239,0.659,-0.289,0.498,-0.268,0.289,-0.044,-0.196,0.495,-0.067,-0.207,0.078,-0.121,0.110,-0.166,0.144,-0.086,0.364,-0.519,-0.219,-0.029,0.001,-0.379,0.273,-0.542,-0.191,0.147,-0.401,0.120,-0.580,0.140,-0.333,0.427,0.497,-0.121,0.336,-0.073,-0.005,0.252,0.201,-0.279,-0.477,0.810,-0.242,0.167,-0.022,0.086,0.451,-0.019,-0.095,0.483,-0.376,-0.124,-0.373,0.616,-0.491,[293],86,66,42,6,,41
,[326],-0.557,0.964,0.999,1.000,-0.548,0.133,-0.108,-0.062,0.574,0.459,-0.198,-0.471,-0.250,0.809,-0.173,0.416,-0.133,0.073,-0.384,0.387,0.472,0.426,0.349,-0.075,0.549,0.723,0.105,0.501,0.379,0.345,0.040,0.523,-0.232,-0.038,0.118,-0.237,0.129,0.232,-0.560,-0.014,0.154,0.062,-0.203,-0.000,0.242,0.211,0.173,0.226,0.561,0.216,0.042,0.339,0.625,-0.352,-0.401,0.066,-0.069,-0.284,0.289,0.156,0.319,-0.394,0.104,0.376,-0.153,0.601,0.245,0.466,0.471,-0.153,-0.186,0.023,0.378,-0.261,-0.110,-0.298,0.106,-0.350,0.208,0.102,0.272,0.089,-0.066,0.377,0.254,0.026,0.313,-0.164,-0.030,-0.094,-0.228,-0.114,-0.021,-0.324,-0.346,-0.276,0.083,-0.308,0.195,-0.134,-0.120,-0.498,-0.297,-0.187,0.464,-0.057,-0.191,-0.184,-0.071,0.366,-0.488,-0.567,-0.162,-0.579,-0.264,0.133,0.192,-0.000,0.308,0.148,-0.148,-0.029,-0.613,-0.332,0.335,-0.155,0.027,0.517,-0.676,-0.035,0.292,0.319,-0.563,-0.222,0.202,-0.144,-0.204,-0.077,0.040,-0.221,-0.384,0.469,-0.110,-0.245,0.231,0.668,-0.298,0.505,-0.266,0.294,-0.034,-0.194,0.496,-0.058,-0.210,0.067,-0.116,0.100,-0.158,0.153,-0.095,0.378,-0.517,-0.227,-0.027,0.010,-0.382,0.276,-0.545,-0.181,0.147,-0.408,0.131,-0.577,0.137,-0.343,0.439,0.501,-0.122,0.335,-0.068,-0.001,0.260,0.209,-0.281,-0.461,0.815,-0.243,0.169,-0.020,0.083,0.463,-0.032,-0.111,0.476,-0.384,-0.136,-0.390,0.609,-0.478,[326],85,67,42,6,,39
,[355],0.213,-0.562,-0.551,-0.548,1.000,-0.124,0.251,0.073,-0.343,-0.702,0.203,0.001,-0.083,-0.351,-0.070,-0.495,0.457,-0.177,0.170,-0.434,-0.774,-0.530,-0.569,-0.161,-0.425,-0.618,-0.447,-0.492,-0.428,-0.209,-0.015,-0.117,0.006,0.117,0.005,0.151,-0.009,-0.360,0.600,0.276,-0.366,-0.100,0.067,0.087,-0.356,0.042,0.138,0.024,-0.191,-0.278,-0.346,-0.417,-0.313,0.233,0.824,0.033,0.093,0.234,0.077,-0.122,-0.187,0.480,-0.002,-0.517,-0.016,-0.217,0.274,-0.612,-0.827,0.163,0.177,-0.005,-0.183,-0.099,0.098,-0.011,0.156,0.447,-0.170,-0.339,-0.216,-0.112,-0.105,-0.173,-0.353,-0.101,-0.066,0.229,-0.055,-0.012,0.130,0.030,0.029,0.705,0.378,0.084,-0.084,0.014,-0.340,0.231,0.085,0.546,0.523,0.096,-0.330,-0.038,0.412,0.165,0.000,-0.510,0.296,0.721,0.266,0.358,-0.133,-0.029,-0.090,-0.047,-0.134,-0.323,0.008,0.161,0.486,0.319,-0.234,0.236,-0.337,-0.578,0.298,0.367,-0.464,-0.080,0.368,0.518,-0.355,0.011,0.095,0.289,0.024,0.404,0.139,-0.238,0.258,-0.041,-0.448,-0.284,0.283,-0.134,0.234,-0.203,0.454,0.112,-0.740,0.442,0.053,-0.138,0.085,0.021,0.265,-0.009,0.047,-0.276,0.727,0.231,-0.079,0.161,0.200,-0.170,0.557,0.136,0.053,0.280,0.405,0.646,-0.215,0.599,-0.433,-0.328,0.163,-0.087,0.058,0.174,-0.222,0.133,0.283,0.254,-0.428,0.190,-0.262,-0.151,-0.010,-0.323,0.251,-0.087,-0.603,0.180,-0.051,-0.246,-0.314,0.041,[355],95,58,38,9,,55
,[356],-0.114,0.096,0.133,0.133,-0.124,1.000,0.496,0.699,0.200,0.421,0.091,0.208,0.035,0.225,-0.255,0.315,-0.271,0.044,-0.187,-0.299,0.194,0.437,0.071,-0.284,-0.169,0.027,0.313,0.125,0.018,0.036,-0.094,0.137,-0.430,-0.481,-0.266,-0.352,-0.197,0.062,0.025,-0.232,0.409,0.074,0.369,-0.533,-0.285,0.130,-0.167,0.176,-0.032,0.158,-0.295,-0.067,0.226,0.089,-0.326,0.169,0.144,0.297,-0.046,-0.049,0.093,-0.529,-0.080,0.122,-0.184,0.265,0.081,0.145,0.244,-0.036,0.094,0.059,0.162,-0.106,-0.012,0.087,-0.040,-0.337,-0.287,0.089,0.225,0.348,-0.112,0.034,0.033,-0.041,0.271,-0.212,-0.109,-0.102,-0.186,0.082,0.058,-0.186,-0.189,-0.170,-0.006,0.032,0.266,-0.042,0.016,-0.160,-0.009,-0.028,0.288,0.185,0.135,-0.125,-0.206,0.179,-0.045,-0.287,0.007,-0.289,0.052,-0.182,0.023,0.032,0.212,-0.271,0.042,0.128,-0.326,-0.081,0.176,-0.091,-0.173,0.276,0.058,-0.468,0.109,0.183,-0.250,-0.302,0.288,-0.282,0.196,-0.218,0.070,-0.004,-0.227,0.223,-0.260,0.077,0.000,0.231,-0.135,0.208,0.104,0.098,0.154,0.070,0.286,0.021,-0.624,-0.251,0.290,-0.363,-0.222,0.279,-0.256,0.183,-0.149,-0.102,-0.191,0.132,-0.060,0.016,-0.179,0.147,-0.072,-0.066,0.026,-0.239,-0.050,-0.303,0.224,0.241,0.199,-0.289,-0.036,0.054,0.197,0.196,-0.103,0.124,0.179,-0.461,0.254,0.152,-0.197,0.368,-0.513,-0.166,-0.056,-0.280,-0.446,-0.191,-0.129,0.080,[356],125,60,14,1,,64
,[357],-0.018,-0.151,-0.115,-0.108,0.251,0.496,1.000,0.556,-0.171,0.031,0.165,0.201,0.114,-0.028,-0.295,-0.097,0.014,-0.120,-0.194,-0.357,-0.134,0.193,-0.252,-0.353,-0.417,-0.262,0.007,-0.271,-0.097,-0.029,0.120,-0.120,-0.495,-0.211,-0.249,-0.063,-0.200,0.077,0.299,-0.256,0.339,0.144,0.166,-0.342,-0.188,0.226,-0.205,0.073,-0.149,-0.105,-0.321,-0.221,-0.019,0.136,0.093,0.054,0.217,0.261,-0.166,-0.071,-0.065,-0.243,-0.012,-0.122,-0.172,0.209,0.319,-0.220,-0.136,-0.025,0.223,0.046,0.016,-0.206,0.070,-0.111,0.285,-0.032,-0.096,-0.163,-0.029,0.238,-0.239,-0.133,-0.176,-0.086,0.330,0.085,-0.027,-0.153,0.079,0.182,0.141,0.225,0.174,-0.262,-0.275,-0.093,0.140,0.244,-0.061,0.091,0.248,-0.257,0.130,0.145,0.355,0.040,-0.045,-0.124,0.104,-0.071,0.039,0.005,-0.301,-0.197,-0.068,0.136,0.120,-0.286,0.210,0.272,-0.071,0.196,0.110,-0.086,-0.242,0.067,0.245,-0.091,-0.118,0.248,0.088,0.050,-0.064,-0.129,0.182,0.094,-0.061,0.240,0.057,-0.030,-0.139,-0.072,-0.110,0.088,0.040,0.014,0.096,0.162,0.338,0.093,-0.219,0.072,-0.341,-0.045,0.220,-0.017,0.006,0.126,-0.391,-0.187,0.175,0.079,-0.265,-0.031,-0.087,0.038,-0.006,0.220,0.030,0.026,0.149,0.051,-0.024,0.022,-0.093,0.242,0.272,-0.352,-0.066,0.339,0.280,0.173,0.099,0.175,-0.094,-0.308,0.156,0.122,-0.317,0.205,-0.279,-0.196,-0.209,-0.125,-0.495,-0.385,-0.271,0.194,[357],130,64,5,1,,72
,[358],-0.000,-0.088,-0.058,-0.062,0.073,0.699,0.556,1.000,-0.155,0.124,0.205,0.357,0.143,0.034,-0.007,-0.054,-0.192,-0.114,-0.202,-0.359,0.076,0.285,0.116,-0.270,-0.271,-0.103,0.264,0.009,0.170,-0.083,-0.096,-0.121,-0.465,-0.421,-0.391,-0.314,-0.351,-0.065,0.066,-0.330,0.323,0.164,0.033,-0.519,-0.347,-0.094,0.132,-0.081,-0.023,-0.158,0.008,-0.284,0.109,0.017,-0.007,-0.163,0.066,0.175,-0.240,0.262,-0.288,-0.247,-0.023,0.044,-0.067,-0.112,0.060,-0.138,-0.042,-0.271,-0.026,0.392,-0.039,0.145,-0.044,0.000,-0.051,-0.015,-0.070,0.006,0.126,0.030,-0.288,0.247,-0.119,0.232,-0.124,0.147,0.032,-0.026,-0.101,0.454,0.004,-0.097,0.086,-0.137,-0.078,0.059,0.094,0.165,-0.104,-0.196,0.262,-0.152,0.121,-0.085,0.079,0.169,-0.037,-0.095,0.155,0.032,-0.288,-0.063,0.100,-0.145,-0.043,0.356,-0.173,-0.183,0.282,-0.166,-0.176,0.268,0.051,-0.157,-0.121,-0.073,0.141,-0.326,0.115,-0.023,0.132,0.023,-0.079,0.098,-0.240,0.081,-0.264,0.095,-0.021,0.025,-0.331,0.004,0.045,-0.120,0.173,-0.153,0.176,0.106,0.297,-0.041,-0.109,-0.049,-0.412,-0.054,0.036,-0.013,0.024,0.202,-0.176,-0.140,-0.052,0.272,-0.110,0.096,-0.179,-0.122,0.046,-0.086,0.029,-0.049,-0.098,0.039,-0.120,-0.052,-0.044,0.181,0.022,-0.230,-0.268,0.089,0.019,-0.068,0.031,0.048,-0.167,-0.186,0.093,-0.042,0.022,-0.014,-0.267,0.023,-0.096,0.002,-0.082,-0.096,-0.217,0.136,[358],152,40,7,1,,94
,[359],-0.292,0.477,0.572,0.574,-0.343,0.200,-0.171,-0.155,1.000,0.527,-0.227,-0.326,-0.279,0.594,-0.428,0.707,-0.135,-0.102,-0.332,-0.025,0.107,0.021,-0.023,-0.314,0.193,0.411,-0.014,0.710,-0.206,0.072,-0.273,0.219,-0.158,-0.199,0.234,-0.055,0.138,0.324,-0.037,0.199,-0.086,0.002,0.343,-0.039,0.263,0.104,-0.067,0.507,0.204,0.612,-0.108,-0.028,0.407,-0.070,-0.440,0.534,0.193,0.049,0.180,-0.199,0.479,-0.368,0.077,0.545,-0.473,0.505,-0.045,0.656,0.458,0.069,-0.184,-0.013,0.141,-0.267,-0.147,0.051,0.048,-0.409,-0.177,0.296,0.262,0.470,-0.007,0.265,0.183,-0.103,0.336,-0.397,-0.106,-0.501,-0.280,-0.231,-0.154,-0.498,-0.505,-0.332,0.265,-0.367,0.470,-0.599,-0.062,-0.103,-0.283,0.080,0.266,0.257,-0.445,-0.489,-0.378,0.548,-0.398,-0.311,0.147,-0.614,0.177,0.146,0.134,-0.414,0.389,-0.265,-0.225,0.062,-0.515,-0.674,0.123,-0.287,0.001,0.296,-0.330,-0.092,0.096,0.278,-0.744,-0.448,0.478,-0.494,0.198,-0.343,0.539,-0.533,-0.620,0.625,0.187,-0.165,0.100,0.640,-0.614,0.683,-0.387,0.359,-0.232,-0.312,0.651,-0.124,-0.332,-0.239,0.229,-0.268,-0.153,0.280,0.027,0.498,-0.385,-0.629,-0.131,0.368,-0.369,0.360,-0.563,0.098,0.298,-0.439,0.410,-0.472,0.163,-0.577,0.727,-0.111,-0.007,-0.001,-0.093,-0.151,0.227,0.141,-0.551,-0.105,0.681,-0.298,0.093,0.263,0.065,0.505,-0.232,-0.418,0.224,-0.456,-0.324,-0.078,0.467,-0.167,[359],77,62,56,5,,35
,[384],-0.198,0.397,0.459,0.459,-0.702,0.421,0.031,0.124,0.527,1.000,-0.105,0.024,-0.022,0.293,-0.072,0.536,-0.499,0.103,-0.204,0.127,0.514,0.469,0.347,-0.086,0.168,0.419,0.420,0.391,0.242,0.032,-0.066,0.248,-0.232,-0.131,-0.173,-0.190,-0.103,0.330,-0.317,-0.216,0.425,0.291,0.221,-0.288,0.179,0.174,-0.125,0.196,0.225,0.297,0.032,0.259,0.214,-0.096,-0.726,0.093,-0.005,0.062,-0.145,-0.139,0.169,-0.548,-0.058,0.401,-0.126,0.311,-0.141,0.649,0.666,-0.182,0.068,-0.069,0.286,-0.058,-0.099,-0.092,0.102,-0.457,-0.012,0.317,0.209,0.283,-0.017,0.051,0.060,0.061,0.240,-0.229,-0.189,-0.188,-0.141,-0.089,0.191,-0.639,-0.450,-0.238,0.055,0.078,0.434,-0.193,-0.073,-0.441,-0.281,0.057,0.340,0.016,-0.245,-0.117,-0.042,0.458,-0.276,-0.624,0.021,-0.426,0.146,-0.170,0.037,-0.086,0.174,0.031,-0.028,0.008,-0.470,-0.320,0.437,-0.252,0.021,0.553,-0.213,-0.532,0.313,0.236,-0.485,-0.557,0.339,-0.250,0.154,-0.283,0.136,-0.500,-0.165,0.346,-0.214,0.020,0.490,0.390,-0.287,0.307,-0.098,0.284,-0.317,-0.092,0.733,-0.266,-0.390,0.033,0.184,-0.076,-0.461,0.113,-0.084,0.215,-0.576,-0.303,0.010,-0.009,-0.325,0.069,-0.661,-0.018,0.026,-0.259,-0.204,-0.487,0.165,-0.637,0.420,0.256,-0.053,-0.024,-0.235,0.087,0.297,0.092,-0.191,-0.177,0.455,-0.391,0.313,0.240,-0.166,0.488,-0.321,-0.031,0.397,-0.324,-0.253,0.128,0.252,-0.018,[384],94,63,39,4,,54
,[388],-0.148,-0.174,-0.189,-0.198,0.203,0.091,0.165,0.205,-0.227,-0.105,1.000,0.236,0.736,-0.091,0.209,-0.280,-0.091,-0.167,-0.262,-0.294,-0.279,0.159,0.097,0.334,0.102,-0.058,-0.024,-0.341,0.152,-0.075,0.299,-0.133,-0.208,0.074,-0.417,0.092,-0.246,-0.516,0.093,-0.035,0.148,-0.348,-0.184,-0.035,-0.433,0.132,-0.073,0.169,0.016,-0.515,-0.106,0.036,0.037,-0.286,0.043,-0.241,0.032,-0.017,-0.237,-0.021,-0.317,0.196,-0.397,-0.072,0.157,-0.020,-0.154,-0.476,-0.352,-0.164,0.120,-0.184,0.102,0.337,-0.274,-0.337,0.387,0.426,0.152,-0.281,-0.101,-0.218,-0.208,-0.080,-0.117,0.089,-0.195,0.034,-0.188,0.280,-0.044,0.039,0.334,0.277,0.105,0.163,-0.245,-0.095,-0.096,0.533,-0.405,-0.203,0.212,-0.044,0.128,-0.212,0.305,0.167,0.153,-0.515,0.220,0.104,-0.126,0.206,-0.300,-0.110,0.082,0.185,0.028,0.181,-0.002,0.048,0.360,0.432,-0.054,0.175,-0.386,-0.074,-0.060,-0.248,-0.003,0.148,0.285,0.003,-0.149,0.169,-0.127,0.009,-0.137,0.308,0.088,0.005,-0.080,-0.263,0.128,-0.104,0.299,-0.077,0.300,-0.215,0.251,0.183,-0.468,0.048,-0.061,0.092,-0.266,0.085,-0.267,-0.174,0.145,-0.375,0.384,0.352,-0.390,0.179,0.096,-0.195,0.206,-0.128,-0.238,0.057,-0.205,0.222,-0.288,0.224,-0.269,0.350,0.126,0.023,-0.036,0.249,-0.133,0.047,0.199,0.085,-0.146,-0.005,0.069,-0.445,0.121,-0.066,0.209,0.273,-0.001,0.004,0.023,0.029,-0.364,-0.256,[388],118,68,12,2,,61
,[389],0.488,-0.412,-0.466,-0.471,0.001,0.208,0.201,0.357,-0.326,0.024,0.236,1.000,0.219,-0.331,0.352,-0.279,-0.444,-0.163,0.146,-0.397,-0.103,0.246,0.148,-0.039,-0.271,-0.314,0.376,-0.288,0.181,-0.050,0.139,-0.303,0.053,-0.295,-0.252,-0.062,-0.364,-0.208,0.130,-0.282,0.382,0.173,0.002,-0.289,-0.334,-0.397,-0.003,-0.507,-0.517,-0.222,0.209,-0.034,-0.477,0.313,-0.135,-0.371,-0.005,0.051,-0.339,-0.074,-0.396,0.060,-0.075,-0.075,0.413,-0.638,-0.429,-0.167,-0.063,-0.222,0.028,0.067,-0.055,0.391,0.185,0.101,-0.213,0.197,0.032,0.152,-0.052,-0.115,0.085,-0.112,-0.025,0.184,-0.502,0.149,0.105,0.259,0.256,0.311,0.272,-0.030,0.172,0.305,0.025,0.243,-0.165,0.164,-0.039,-0.070,0.132,-0.191,-0.129,-0.043,0.082,0.460,0.303,-0.201,0.451,0.103,-0.237,0.276,0.349,-0.212,-0.277,0.230,-0.360,0.112,0.281,-0.269,0.207,0.401,-0.042,0.210,0.031,-0.180,0.434,-0.455,0.029,-0.280,0.536,-0.049,-0.241,0.367,-0.094,-0.077,-0.337,0.026,0.513,-0.478,-0.379,0.474,0.001,-0.659,0.433,-0.658,0.367,-0.537,-0.105,0.356,-0.208,-0.232,0.062,0.077,-0.034,0.022,-0.082,-0.167,-0.052,-0.416,0.004,0.147,0.160,-0.280,0.328,-0.524,0.343,-0.183,-0.140,0.346,-0.589,0.098,-0.108,0.081,-0.347,-0.125,-0.036,-0.338,-0.099,-0.186,-0.146,-0.270,0.258,0.009,-0.635,0.057,-0.103,-0.047,-0.157,-0.376,-0.074,0.446,-0.033,0.374,0.191,0.512,-0.278,0.224,[389],94,74,31,1,,53
,[390],-0.124,-0.189,-0.241,-0.250,-0.083,0.035,0.114,0.143,-0.279,-0.022,0.736,0.219,1.000,-0.109,0.084,-0.154,-0.016,-0.299,-0.389,-0.205,0.001,-0.021,-0.059,0.407,0.124,-0.021,0.062,-0.210,0.027,0.043,0.231,-0.254,-0.165,0.064,-0.295,0.111,-0.074,-0.151,0.007,0.023,0.052,-0.291,-0.027,0.032,-0.042,0.118,-0.254,0.115,-0.063,-0.298,0.045,0.090,0.003,-0.252,-0.165,-0.115,0.106,-0.050,-0.211,0.155,-0.112,0.082,-0.276,0.069,0.073,-0.031,-0.244,-0.318,-0.019,0.026,-0.041,-0.077,-0.026,0.337,-0.139,-0.087,0.166,0.129,0.113,-0.090,-0.049,-0.102,-0.160,-0.043,-0.013,-0.006,-0.074,-0.014,-0.155,0.173,0.090,-0.024,0.061,0.003,0.188,0.131,-0.274,0.040,0.017,0.368,-0.293,-0.044,0.036,0.002,-0.010,-0.022,0.145,-0.039,0.104,-0.239,0.227,0.022,-0.185,0.263,-0.169,-0.125,0.215,0.060,0.099,0.205,0.007,0.024,0.275,0.198,-0.146,-0.033,-0.016,0.032,0.068,-0.201,0.032,0.034,0.245,0.018,0.095,0.100,-0.027,-0.023,-0.097,0.223,0.073,0.004,-0.018,-0.277,0.171,-0.145,0.131,-0.108,0.122,-0.051,0.046,0.124,-0.171,-0.096,-0.025,0.070,-0.188,-0.030,-0.120,-0.054,0.019,-0.105,0.223,0.211,-0.284,0.191,0.096,0.075,0.158,0.064,-0.334,0.102,-0.293,-0.016,-0.107,0.075,-0.152,0.270,0.134,-0.087,0.140,0.097,-0.129,-0.059,0.028,0.211,-0.187,-0.042,0.161,-0.112,0.117,0.006,-0.004,0.115,0.090,0.070,-0.015,0.202,-0.396,0.095,[390],155,42,1,2,,97
,[391],-0.460,0.812,0.811,0.809,-0.351,0.225,-0.028,0.034,0.594,0.293,-0.091,-0.331,-0.109,1.000,-0.377,0.359,-0.135,-0.188,-0.613,0.023,0.240,0.222,0.088,-0.103,0.516,0.601,0.111,0.517,0.147,0.376,-0.033,0.531,-0.259,-0.185,0.317,-0.246,0.090,0.096,-0.351,0.152,0.084,0.083,0.006,-0.052,0.180,0.215,0.101,0.320,0.482,0.270,0.031,0.182,0.641,-0.234,-0.335,0.228,0.162,-0.183,0.453,0.189,0.490,-0.357,-0.025,0.369,-0.201,0.522,0.230,0.399,0.337,-0.029,-0.209,0.078,0.371,-0.231,-0.172,-0.075,-0.042,-0.414,0.003,0.214,0.399,0.189,-0.056,0.530,0.437,-0.119,0.279,-0.313,-0.142,-0.113,-0.332,-0.067,-0.081,-0.272,-0.469,-0.196,0.187,-0.425,0.171,-0.195,-0.042,-0.279,-0.225,-0.274,0.455,0.175,-0.178,-0.293,-0.173,0.301,-0.437,-0.377,-0.127,-0.556,-0.206,0.007,0.197,-0.043,0.438,0.005,-0.270,-0.065,-0.642,-0.362,0.202,-0.050,-0.032,0.468,-0.555,-0.102,0.194,0.186,-0.543,-0.120,0.370,-0.263,-0.149,-0.204,0.171,-0.100,-0.547,0.563,-0.076,-0.228,-0.038,0.582,-0.286,0.555,-0.189,0.122,0.139,-0.029,0.442,0.112,-0.387,-0.170,0.039,-0.138,-0.138,0.414,-0.169,0.459,-0.355,-0.220,-0.115,0.235,-0.290,0.164,-0.310,-0.213,0.033,-0.385,0.340,-0.615,0.131,-0.297,0.407,0.283,-0.106,0.109,0.061,-0.272,0.075,0.340,-0.385,-0.350,0.730,-0.392,0.240,-0.009,0.242,0.477,-0.133,-0.195,0.188,-0.466,-0.280,-0.393,0.447,-0.402,[391],88,69,38,5,,37
,[407],0.415,-0.122,-0.159,-0.173,-0.070,-0.255,-0.295,-0.007,-0.428,-0.072,0.209,0.352,0.084,-0.377,1.000,-0.484,-0.268,0.166,0.403,0.155,-0.017,0.283,0.446,0.205,0.080,-0.005,0.063,-0.349,0.564,-0.068,0.394,0.000,0.283,0.262,-0.194,0.175,-0.229,-0.449,-0.324,-0.092,0.018,0.154,-0.612,0.128,-0.131,-0.484,0.478,-0.666,-0.063,-0.396,0.365,0.298,-0.474,0.008,0.104,-0.914,-0.502,-0.322,-0.199,-0.009,-0.710,0.503,0.098,-0.356,0.585,-0.547,-0.240,-0.135,-0.202,-0.433,0.041,-0.160,0.153,0.433,-0.047,-0.238,-0.189,0.545,0.494,-0.359,-0.483,-0.695,0.100,-0.227,-0.120,0.561,-0.627,0.593,0.237,0.507,0.254,0.222,0.180,0.056,0.236,0.286,0.034,0.325,-0.450,0.392,-0.057,-0.358,0.209,-0.055,-0.300,-0.660,0.077,0.739,0.528,-0.328,-0.032,0.153,-0.243,0.129,0.093,-0.105,-0.155,0.401,-0.709,0.695,0.363,-0.483,0.343,0.576,-0.025,0.255,0.111,-0.269,-0.152,-0.105,0.300,-0.297,0.556,0.169,-0.669,0.830,-0.322,0.384,-0.732,0.019,0.695,-0.704,-0.314,0.012,0.056,-0.546,0.541,-0.662,0.252,-0.338,-0.368,0.087,-0.314,-0.306,0.508,0.581,-0.526,0.653,0.098,-0.684,0.371,-0.496,-0.167,0.527,0.243,-0.645,0.126,-0.398,0.188,-0.361,0.056,0.369,-0.620,0.206,-0.194,0.400,-0.472,0.114,-0.167,0.110,-0.335,0.025,-0.203,-0.470,0.407,-0.444,-0.415,0.379,-0.153,-0.270,-0.172,-0.685,0.579,0.693,0.360,0.637,0.756,0.461,0.181,-0.337,[407],70,62,59,9,,34
,[416],-0.286,0.303,0.410,0.416,-0.495,0.315,-0.097,-0.054,0.707,0.536,-0.280,-0.279,-0.154,0.359,-0.484,1.000,-0.132,-0.044,-0.210,0.047,0.359,-0.007,0.001,-0.258,0.106,0.432,-0.017,0.802,-0.285,0.025,-0.356,0.044,-0.005,-0.254,0.106,-0.133,0.232,0.549,0.058,0.092,0.119,-0.159,0.554,-0.138,0.348,-0.016,-0.221,0.558,0.026,0.747,-0.051,-0.103,0.442,-0.256,-0.570,0.601,0.344,0.058,-0.027,-0.162,0.530,-0.647,0.158,0.583,-0.607,0.513,0.013,0.663,0.657,0.185,-0.259,0.039,-0.027,-0.259,0.003,0.075,-0.084,-0.517,-0.236,0.450,0.255,0.609,0.008,0.264,0.055,-0.056,0.387,-0.430,0.050,-0.556,-0.319,-0.258,-0.337,-0.656,-0.418,-0.439,0.200,-0.253,0.642,-0.695,-0.072,-0.004,-0.394,0.252,0.301,0.409,-0.585,-0.579,-0.539,0.786,-0.245,-0.419,0.190,-0.522,0.361,0.248,0.172,-0.518,0.438,-0.354,-0.186,0.277,-0.449,-0.783,0.037,-0.434,0.113,0.329,-0.124,-0.151,0.233,0.300,-0.782,-0.551,0.650,-0.594,0.355,-0.343,0.608,-0.460,-0.617,0.618,0.276,0.124,0.172,0.675,-0.801,0.590,-0.469,0.521,-0.241,-0.348,0.799,-0.250,-0.384,-0.222,0.364,-0.364,-0.082,0.270,-0.030,0.671,-0.444,-0.660,-0.002,0.428,-0.365,0.550,-0.686,0.390,0.221,-0.470,0.216,-0.452,0.151,-0.753,0.783,-0.034,0.111,-0.191,-0.041,-0.035,0.473,-0.025,-0.627,0.234,0.593,-0.245,0.015,0.414,-0.023,0.637,-0.537,-0.597,0.226,-0.403,-0.387,-0.068,0.315,0.079,[416],64,59,66,11,,41
,[421],-0.253,-0.145,-0.145,-0.133,0.457,-0.271,0.014,-0.192,-0.135,-0.499,-0.091,-0.444,-0.016,-0.135,-0.268,-0.132,1.000,-0.090,0.027,0.108,-0.230,-0.534,-0.518,0.082,-0.129,-0.250,-0.497,-0.172,-0.382,0.014,-0.054,0.038,0.095,0.091,0.002,0.237,0.380,0.143,0.291,0.300,-0.674,-0.291,0.002,0.321,0.229,0.156,-0.026,0.216,0.084,-0.062,-0.361,-0.184,-0.054,-0.139,0.495,0.244,0.076,-0.065,0.164,0.087,0.196,0.125,0.177,-0.203,-0.249,0.123,0.301,-0.278,-0.299,0.440,-0.134,0.020,-0.119,-0.447,0.082,-0.134,0.284,0.112,0.015,-0.143,-0.210,0.080,-0.215,-0.054,-0.359,-0.195,0.279,0.114,0.064,-0.260,0.099,-0.306,-0.119,0.368,0.261,-0.180,-0.221,0.119,-0.187,0.127,-0.123,0.425,0.237,0.258,-0.077,0.094,0.209,-0.197,-0.120,-0.174,0.163,0.442,0.387,0.117,-0.153,0.168,0.176,-0.213,0.169,-0.282,-0.041,0.441,0.297,-0.081,-0.152,-0.072,0.003,-0.227,0.057,0.616,-0.395,0.124,0.055,0.509,0.013,-0.196,0.166,0.273,0.209,0.302,-0.052,-0.029,0.511,-0.219,-0.200,0.078,-0.084,0.122,-0.206,0.126,0.371,-0.202,-0.273,0.300,0.064,-0.174,0.068,-0.066,0.312,0.048,-0.226,0.109,0.421,-0.102,-0.009,0.265,0.038,0.382,0.196,0.364,0.079,0.145,0.387,0.256,0.061,0.349,-0.072,-0.172,0.273,0.246,0.202,0.334,-0.156,0.186,0.080,0.357,-0.022,0.268,-0.324,-0.079,0.015,0.012,0.135,-0.337,-0.176,0.069,-0.160,-0.314,-0.106,0.129,[421],116,66,17,1,,55
,[422],0.024,0.062,0.071,0.073,-0.177,0.044,-0.120,-0.114,-0.102,0.103,-0.167,-0.163,-0.299,-0.188,0.166,-0.044,-0.090,1.000,0.610,0.405,0.310,0.343,0.459,-0.067,-0.103,0.019,0.191,-0.062,0.303,-0.228,-0.047,0.029,0.101,0.021,-0.063,-0.184,-0.199,0.040,-0.303,-0.434,0.187,0.146,-0.191,-0.061,-0.163,-0.008,0.016,-0.137,0.051,-0.027,-0.068,0.093,0.007,0.151,-0.013,-0.100,-0.353,0.174,-0.128,-0.117,-0.092,0.031,0.120,-0.099,0.027,0.038,0.082,-0.022,0.068,-0.236,0.255,-0.054,0.104,-0.108,-0.243,0.108,-0.078,-0.142,0.044,-0.063,-0.008,-0.031,0.101,-0.264,0.096,0.073,0.007,-0.001,0.082,0.136,-0.127,0.120,0.027,0.008,-0.204,-0.001,0.134,0.009,-0.034,-0.100,0.146,-0.285,-0.228,0.144,0.075,-0.065,0.001,0.066,-0.032,-0.021,-0.221,-0.252,0.127,-0.071,-0.100,0.092,-0.093,0.245,-0.133,0.100,0.074,0.038,-0.151,0.147,0.113,0.014,0.029,0.155,-0.036,-0.144,0.185,0.067,-0.134,-0.345,-0.114,0.029,-0.063,-0.027,-0.149,0.009,0.007,-0.102,-0.249,-0.005,0.011,0.015,-0.022,0.045,0.039,0.053,-0.060,-0.075,-0.000,-0.069,0.087,0.144,0.000,0.113,-0.057,-0.035,0.135,-0.069,-0.144,0.110,-0.067,-0.318,0.010,-0.103,-0.220,-0.092,-0.069,-0.060,-0.071,0.128,-0.189,-0.159,-0.001,0.034,-0.168,0.155,-0.076,-0.014,0.096,0.059,0.088,-0.108,0.128,-0.157,0.143,-0.073,-0.042,-0.040,-0.062,0.106,-0.033,0.059,0.073,-0.070,0.075,-0.097,[422],174,21,4,1,,109
,[423],0.444,-0.377,-0.388,-0.384,0.170,-0.187,-0.194,-0.202,-0.332,-0.204,-0.262,0.146,-0.389,-0.613,0.403,-0.210,0.027,0.610,1.000,0.307,-0.002,-0.010,0.145,-0.101,-0.351,-0.316,-0.014,-0.272,0.051,-0.303,0.041,-0.181,0.501,0.036,-0.006,0.050,-0.145,-0.056,0.011,-0.233,-0.002,0.079,-0.078,0.195,-0.079,-0.297,0.130,-0.415,-0.375,-0.015,-0.047,0.040,-0.479,0.338,0.247,-0.235,-0.379,0.035,-0.113,-0.320,-0.294,0.337,0.343,-0.405,0.208,-0.367,-0.013,-0.146,-0.182,-0.073,0.264,-0.182,-0.045,-0.080,0.106,0.062,-0.275,0.183,-0.008,-0.139,-0.280,-0.146,0.322,-0.506,-0.197,0.217,-0.235,0.217,0.327,0.149,0.238,0.006,-0.019,0.222,0.097,0.186,0.272,0.139,-0.294,-0.135,0.262,0.143,-0.157,0.275,-0.359,-0.076,0.050,0.329,0.108,-0.093,0.129,0.115,0.281,0.197,0.276,0.106,-0.169,-0.002,-0.401,0.121,0.136,0.019,0.303,0.280,-0.117,0.158,0.040,-0.227,0.224,0.026,0.004,-0.099,0.180,-0.147,-0.333,0.260,0.121,0.094,-0.143,0.049,0.388,-0.523,0.001,0.376,-0.158,-0.380,0.140,-0.377,0.174,-0.211,-0.259,0.068,-0.213,-0.097,0.412,0.208,-0.008,0.208,0.163,-0.410,0.288,-0.230,0.066,0.086,0.287,-0.497,0.259,-0.274,0.058,0.116,0.027,0.319,-0.246,0.320,-0.128,0.111,-0.261,-0.324,-0.015,-0.083,-0.044,0.068,0.085,-0.208,0.274,0.038,-0.319,0.255,-0.234,-0.094,-0.305,-0.405,0.124,0.184,-0.125,0.472,0.300,0.219,0.057,0.020,[423],105,78,16,1,,56
,[427],-0.253,0.415,0.384,0.387,-0.434,-0.299,-0.357,-0.359,-0.025,0.127,-0.294,-0.397,-0.205,0.023,0.155,0.047,0.108,0.405,0.307,1.000,0.547,0.207,0.408,0.342,0.390,0.373,0.188,0.017,0.354,0.178,0.204,0.110,0.292,0.241,0.048,-0.020,0.190,0.168,-0.641,-0.270,-0.015,-0.103,-0.347,0.441,0.401,0.180,0.006,-0.113,0.260,-0.078,0.039,0.517,0.123,-0.218,-0.214,-0.099,-0.515,-0.442,0.231,0.161,-0.015,-0.090,0.062,-0.092,0.223,0.163,0.071,0.179,0.330,-0.020,0.070,-0.199,0.179,-0.172,0.001,-0.154,-0.016,-0.158,0.223,0.068,0.115,-0.147,0.302,-0.240,0.130,0.080,0.127,-0.103,0.023,0.203,0.011,-0.220,-0.053,-0.066,-0.051,0.023,-0.003,0.095,-0.113,0.021,0.050,-0.266,-0.479,0.128,0.064,-0.125,0.005,-0.003,0.168,0.096,-0.125,-0.441,0.003,-0.004,-0.167,0.143,-0.028,0.052,0.072,0.436,-0.191,0.053,-0.055,0.015,0.200,-0.033,0.118,0.430,-0.324,0.148,0.073,0.141,-0.150,-0.123,-0.040,0.045,-0.105,-0.060,-0.056,0.000,0.091,-0.022,0.122,0.024,0.312,0.156,0.010,0.010,-0.063,0.031,-0.203,0.043,0.231,0.021,0.323,0.219,-0.157,0.171,-0.194,-0.178,0.059,0.095,-0.217,-0.033,0.321,-0.362,0.090,0.072,-0.250,-0.120,-0.171,-0.007,-0.276,-0.271,0.259,-0.084,0.009,0.228,-0.145,0.464,0.133,0.176,0.099,0.007,0.182,-0.206,0.310,0.120,0.125,-0.226,-0.115,0.086,0.161,0.191,0.324,-0.062,0.135,-0.058,0.250,-0.235,[427],130,53,16,1,,73
,[429],-0.237,0.491,0.477,0.472,-0.774,0.194,-0.134,0.076,0.107,0.514,-0.279,-0.103,0.001,0.240,-0.017,0.359,-0.230,0.310,-0.002,0.547,1.000,0.483,0.483,0.141,0.388,0.512,0.359,0.425,0.332,0.142,0.020,0.137,0.035,-0.108,0.024,-0.176,0.041,0.456,-0.520,-0.257,0.386,0.131,-0.081,-0.218,0.327,-0.002,-0.159,-0.034,0.231,0.182,0.357,0.319,0.264,-0.259,-0.586,-0.008,-0.058,-0.278,-0.062,0.254,0.139,-0.395,0.120,0.412,-0.065,0.202,-0.170,0.443,0.686,-0.028,-0.203,0.143,0.021,-0.097,-0.078,-0.012,-0.101,-0.432,0.243,0.312,0.278,0.128,-0.053,0.206,0.308,0.021,0.090,-0.119,0.162,0.050,-0.152,0.024,-0.126,-0.490,-0.239,-0.167,0.045,0.061,0.264,-0.150,0.044,-0.426,-0.431,-0.071,0.294,0.062,-0.337,-0.209,0.053,0.431,-0.199,-0.560,-0.239,-0.245,0.095,0.016,0.156,0.030,0.124,0.244,0.000,-0.128,-0.457,-0.288,0.105,-0.296,0.366,0.454,-0.226,-0.171,0.387,0.066,-0.277,-0.333,0.273,0.024,-0.212,-0.143,-0.051,-0.258,-0.097,0.176,-0.201,0.199,0.417,0.199,-0.279,0.084,-0.298,0.207,-0.269,-0.159,0.544,-0.323,-0.051,0.175,-0.020,0.008,-0.111,0.090,-0.129,0.275,-0.606,-0.136,0.122,-0.138,-0.080,0.237,-0.418,-0.075,-0.143,-0.264,-0.345,-0.501,0.198,-0.412,0.288,0.318,-0.007,0.213,0.110,-0.095,0.129,-0.077,-0.254,-0.173,0.321,-0.100,0.134,0.095,0.075,0.281,-0.291,-0.027,0.488,-0.139,0.001,0.129,0.234,0.049,[429],104,64,30,2,,54
,[431],-0.189,0.446,0.431,0.426,-0.530,0.437,0.193,0.285,0.021,0.469,0.159,0.246,-0.021,0.222,0.283,-0.007,-0.534,0.343,-0.010,0.207,0.483,1.000,0.681,0.051,0.235,0.421,0.471,-0.018,0.692,0.149,0.349,0.180,-0.191,-0.204,-0.355,-0.307,-0.355,-0.151,-0.541,-0.479,0.678,0.111,-0.367,-0.403,-0.281,-0.002,0.024,-0.228,0.187,-0.184,0.157,0.368,0.148,-0.146,-0.468,-0.392,-0.266,-0.089,-0.130,0.005,-0.213,-0.292,-0.103,0.114,0.308,0.124,-0.088,0.141,0.365,-0.408,0.036,-0.097,0.304,0.111,-0.101,-0.266,0.106,0.000,0.288,-0.131,0.070,-0.099,-0.054,-0.035,0.187,0.200,-0.070,0.061,0.025,0.334,-0.022,0.200,0.349,-0.178,-0.178,0.066,-0.118,-0.001,0.031,0.275,-0.172,-0.751,-0.211,-0.412,0.385,-0.275,0.120,0.241,0.255,-0.045,-0.192,-0.609,-0.342,-0.261,-0.220,-0.059,-0.039,0.430,-0.033,0.390,0.177,-0.184,-0.319,0.189,0.370,0.060,0.007,0.425,-0.315,-0.386,0.349,0.193,0.056,-0.374,-0.138,0.304,-0.267,-0.085,-0.369,-0.095,0.186,-0.096,-0.635,0.021,0.331,0.088,0.160,-0.106,0.095,-0.162,-0.121,0.147,0.145,-0.296,-0.102,0.266,-0.202,0.159,-0.327,-0.238,-0.108,-0.231,-0.454,0.162,-0.094,-0.410,-0.060,-0.241,-0.245,-0.293,-0.110,-0.058,-0.452,-0.358,-0.070,-0.138,0.003,0.638,0.033,0.117,-0.141,0.017,0.054,0.027,0.094,-0.363,0.178,-0.179,0.226,-0.154,-0.164,0.144,-0.024,0.399,0.507,-0.062,0.028,0.038,0.141,-0.293,[431],108,62,28,2,,52
,[432],-0.151,0.379,0.357,0.349,-0.569,0.071,-0.252,0.116,-0.023,0.347,0.097,0.148,-0.059,0.088,0.446,0.001,-0.518,0.459,0.145,0.408,0.483,0.681,1.000,0.149,0.358,0.379,0.450,0.074,0.764,0.070,0.037,0.008,-0.007,-0.099,-0.335,-0.247,-0.257,-0.135,-0.623,-0.476,0.416,-0.010,-0.489,-0.204,-0.178,-0.219,0.156,-0.313,0.111,-0.273,0.398,0.267,0.226,-0.208,-0.359,-0.418,-0.357,-0.133,-0.200,0.140,-0.328,-0.052,-0.144,0.232,0.365,-0.157,-0.251,0.081,0.259,-0.533,-0.088,0.110,0.111,0.483,-0.128,-0.150,-0.075,-0.013,0.243,0.069,0.213,-0.266,-0.038,0.124,0.291,0.371,-0.359,0.016,0.071,0.387,-0.142,0.381,0.274,-0.286,-0.212,0.291,0.109,0.011,-0.075,0.116,-0.257,-0.816,-0.196,-0.253,0.221,-0.349,-0.125,0.282,0.240,-0.052,-0.111,-0.423,-0.496,-0.046,0.022,0.170,-0.225,0.551,-0.268,0.407,0.104,-0.340,-0.215,0.212,0.194,0.089,0.134,0.134,-0.339,-0.326,0.407,-0.013,0.070,-0.347,-0.158,0.359,-0.517,-0.111,-0.426,-0.158,0.102,-0.037,-0.505,0.088,0.464,-0.087,0.223,-0.248,-0.018,-0.082,-0.199,-0.063,0.130,-0.357,0.154,0.228,-0.486,0.218,-0.227,-0.157,0.209,-0.199,-0.409,0.237,0.034,-0.343,-0.067,-0.191,-0.157,-0.545,0.012,-0.228,-0.549,-0.159,-0.030,-0.249,0.056,0.396,-0.235,0.301,-0.165,-0.127,0.025,-0.250,0.136,-0.357,0.077,0.093,0.113,-0.303,0.118,-0.157,0.029,0.516,0.414,0.017,0.427,0.243,0.140,-0.327,[432],94,72,31,3,,46
,[437],-0.153,0.015,-0.071,-0.075,-0.161,-0.284,-0.353,-0.270,-0.314,-0.086,0.334,-0.039,0.407,-0.103,0.205,-0.258,0.082,-0.067,-0.101,0.342,0.141,0.051,0.149,1.000,0.410,0.176,0.132,-0.316,0.232,0.051,0.308,0.105,0.249,0.277,-0.009,0.092,0.085,-0.295,-0.315,0.057,-0.091,-0.399,-0.263,0.254,0.031,0.223,-0.132,-0.072,0.224,-0.438,0.166,0.396,0.039,-0.393,-0.084,-0.203,-0.296,-0.259,0.216,0.205,-0.127,0.080,-0.405,-0.072,0.406,-0.087,-0.329,-0.081,-0.040,0.002,0.071,-0.237,0.094,0.261,0.008,-0.122,0.148,0.185,0.285,-0.157,-0.039,-0.368,0.186,-0.190,0.107,-0.027,-0.170,-0.139,-0.134,0.459,-0.095,-0.281,0.253,0.103,0.028,0.303,-0.253,0.184,-0.191,0.414,-0.139,-0.128,-0.123,-0.018,0.270,-0.071,0.187,-0.036,0.152,-0.301,0.303,-0.107,-0.062,0.358,-0.304,-0.126,-0.129,0.159,0.154,0.419,-0.264,0.116,0.320,0.239,-0.022,0.189,-0.011,0.281,0.028,0.022,-0.046,-0.029,0.214,0.131,0.055,0.177,-0.124,-0.157,-0.027,0.348,0.193,-0.036,0.099,-0.014,0.370,-0.163,0.359,-0.183,0.217,-0.269,-0.015,0.271,-0.123,0.281,0.223,-0.061,-0.286,-0.020,-0.357,-0.146,-0.075,-0.140,0.119,0.301,0.036,-0.055,0.321,-0.138,0.233,-0.334,-0.495,0.080,-0.400,-0.144,0.072,0.204,-0.289,0.271,0.111,0.285,0.204,0.126,-0.116,0.175,0.369,0.020,-0.096,0.262,0.154,-0.316,0.160,-0.055,0.361,0.397,0.089,-0.108,0.169,0.058,-0.317,-0.167,[437],118,71,10,1,,59
,[438],-0.455,0.639,0.563,0.549,-0.425,-0.169,-0.417,-0.271,0.193,0.168,0.102,-0.271,0.124,0.516,0.080,0.106,-0.129,-0.103,-0.351,0.390,0.388,0.235,0.358,0.410,1.000,0.586,0.130,0.186,0.414,0.503,0.073,0.444,0.129,0.215,0.206,-0.018,0.140,0.003,-0.576,0.310,0.045,-0.195,-0.279,0.272,0.253,0.195,0.067,0.206,0.339,-0.152,0.268,0.391,0.440,-0.601,-0.309,-0.083,-0.102,-0.498,0.338,0.062,0.146,-0.078,-0.247,0.131,0.185,0.270,0.009,0.249,0.268,-0.057,-0.108,-0.244,0.254,0.154,-0.329,-0.206,-0.032,-0.121,0.254,0.044,0.241,-0.117,0.125,0.240,0.496,0.002,-0.043,-0.274,-0.190,0.310,-0.376,-0.162,0.087,-0.142,-0.354,0.107,0.069,-0.163,-0.126,0.180,-0.177,-0.336,-0.208,-0.099,0.247,-0.124,-0.159,-0.112,0.128,-0.019,-0.302,-0.288,-0.202,-0.145,-0.277,0.028,0.083,0.086,0.294,0.443,-0.372,-0.059,-0.252,-0.095,0.028,0.196,-0.011,0.331,-0.655,0.035,0.275,0.101,-0.178,-0.025,0.188,0.061,-0.227,-0.186,0.010,0.118,-0.202,0.298,0.127,-0.177,0.306,0.301,-0.009,0.238,-0.078,-0.110,-0.091,0.030,0.221,0.099,-0.013,0.035,-0.228,0.100,-0.241,-0.061,0.083,0.234,-0.163,-0.051,0.009,0.031,0.071,0.066,-0.173,-0.425,-0.168,-0.275,-0.098,-0.370,0.119,-0.079,0.062,0.392,0.017,0.437,0.370,-0.215,-0.209,0.132,-0.069,-0.373,0.460,-0.054,0.178,-0.262,0.263,0.214,0.173,0.211,0.393,-0.297,0.171,-0.071,0.268,-0.581,[438],106,70,23,1,,51
,[439],-0.458,0.705,0.733,0.723,-0.618,0.027,-0.262,-0.103,0.411,0.419,-0.058,-0.314,-0.021,0.601,-0.005,0.432,-0.250,0.019,-0.316,0.373,0.512,0.421,0.379,0.176,0.586,1.000,0.235,0.523,0.415,0.240,0.253,0.363,0.087,0.005,0.032,-0.182,0.035,0.150,-0.629,0.068,0.234,-0.035,-0.220,-0.048,0.291,-0.074,0.272,0.178,0.440,0.202,0.301,0.434,0.469,-0.498,-0.481,-0.073,-0.145,-0.318,0.234,0.174,0.165,-0.374,0.085,0.292,-0.016,0.344,0.035,0.516,0.512,-0.301,-0.263,-0.026,0.263,-0.038,-0.009,-0.345,-0.059,-0.165,0.389,0.106,0.117,-0.131,0.017,0.338,0.160,0.138,0.030,-0.044,-0.056,-0.102,-0.200,-0.112,-0.149,-0.499,-0.322,-0.301,0.150,-0.158,0.185,-0.131,-0.223,-0.520,-0.384,-0.247,0.344,-0.136,-0.377,-0.053,0.090,0.385,-0.453,-0.514,-0.166,-0.475,-0.016,0.079,0.077,0.012,0.215,0.421,-0.147,-0.132,-0.417,-0.318,0.243,-0.278,0.227,0.488,-0.628,-0.094,0.301,0.260,-0.433,-0.334,0.064,0.034,-0.208,0.084,0.005,-0.233,-0.248,0.323,-0.117,-0.116,0.347,0.514,-0.263,0.296,-0.266,0.217,-0.226,-0.199,0.482,-0.200,-0.099,0.311,-0.142,0.175,-0.200,-0.047,0.122,0.331,-0.579,-0.121,0.176,-0.050,-0.440,0.158,-0.592,-0.162,0.019,-0.321,-0.138,-0.652,0.001,-0.302,0.351,0.416,-0.084,0.234,-0.126,0.012,0.064,-0.008,-0.294,-0.321,0.561,-0.100,0.039,-0.002,0.074,0.405,0.116,0.076,0.588,-0.202,0.032,-0.025,0.575,-0.496,[439],92,63,41,4,,51
,[440],0.058,0.130,0.112,0.105,-0.447,0.313,0.007,0.264,-0.014,0.420,-0.024,0.376,0.062,0.111,0.063,-0.017,-0.497,0.191,-0.014,0.188,0.359,0.471,0.450,0.132,0.130,0.235,1.000,-0.019,0.465,0.077,0.046,-0.060,-0.013,-0.249,-0.155,-0.458,-0.360,-0.102,-0.445,-0.580,0.460,0.300,0.038,-0.224,-0.163,0.035,-0.047,-0.190,0.056,-0.134,0.091,0.381,0.090,0.129,-0.494,-0.144,-0.270,0.024,-0.021,0.129,0.005,-0.286,-0.327,0.047,0.402,-0.182,-0.254,0.195,0.334,-0.409,0.266,0.052,0.160,0.304,-0.001,0.192,-0.321,-0.338,-0.197,0.318,0.456,-0.021,0.326,-0.036,0.313,0.084,-0.133,-0.242,-0.269,0.234,-0.165,0.239,0.079,-0.310,-0.292,0.200,0.200,0.023,0.034,0.082,0.220,-0.423,-0.375,-0.211,0.091,-0.034,0.018,0.149,0.215,0.089,0.012,-0.464,-0.312,0.076,0.080,-0.397,-0.233,0.343,-0.078,0.314,-0.073,-0.290,-0.330,0.208,0.254,-0.028,-0.008,0.416,-0.043,-0.593,0.138,-0.021,0.032,-0.359,0.022,0.064,-0.214,-0.314,-0.132,-0.092,0.037,0.041,-0.405,0.201,0.259,-0.156,0.278,-0.178,0.312,-0.255,-0.139,0.293,0.253,0.002,-0.238,0.007,-0.017,-0.131,-0.464,0.262,0.013,-0.140,-0.334,0.085,0.127,-0.270,0.107,-0.395,-0.105,-0.412,-0.342,-0.078,-0.425,-0.401,0.078,-0.307,-0.112,0.101,-0.220,-0.130,-0.086,-0.183,-0.103,0.188,0.157,-0.266,-0.017,-0.421,0.335,-0.165,-0.093,0.164,-0.282,0.422,-0.027,-0.133,-0.011,0.224,-0.107,-0.048,[440],110,64,25,1,,64
,[448],-0.183,0.409,0.501,0.501,-0.492,0.125,-0.271,0.009,0.710,0.391,-0.341,-0.288,-0.210,0.517,-0.349,0.802,-0.172,-0.062,-0.272,0.017,0.425,-0.018,0.074,-0.316,0.186,0.523,-0.019,1.000,-0.152,-0.036,-0.395,0.069,-0.045,-0.251,0.274,-0.158,0.132,0.459,-0.049,0.107,0.042,0.069,0.274,-0.175,0.354,-0.232,0.049,0.379,0.194,0.728,0.307,-0.209,0.461,-0.233,-0.449,0.417,0.297,-0.074,-0.019,0.096,0.436,-0.403,0.288,0.678,-0.595,0.327,-0.077,0.683,0.575,0.020,-0.433,0.351,-0.135,-0.187,-0.141,0.138,-0.191,-0.411,-0.018,0.450,0.286,0.450,-0.119,0.594,0.214,0.037,0.107,-0.226,0.210,-0.506,-0.359,0.027,-0.528,-0.696,-0.451,-0.470,0.336,-0.350,0.627,-0.725,0.018,-0.132,-0.323,0.049,0.252,0.226,-0.801,-0.498,-0.411,0.780,-0.365,-0.249,-0.072,-0.616,0.414,0.272,0.268,-0.330,0.179,-0.230,0.004,-0.142,-0.600,-0.728,-0.089,-0.460,0.312,0.155,-0.257,-0.055,0.350,0.069,-0.689,-0.421,0.463,-0.307,-0.058,-0.152,0.386,-0.581,-0.612,0.570,0.149,0.041,0.094,0.516,-0.759,0.512,-0.566,0.496,-0.225,-0.494,0.693,-0.340,-0.275,-0.017,0.204,-0.146,0.158,0.328,0.065,0.591,-0.619,-0.486,0.046,0.434,-0.510,0.474,-0.612,0.138,0.318,-0.553,0.254,-0.447,0.084,-0.640,0.761,-0.118,-0.039,-0.049,-0.145,-0.310,0.184,-0.158,-0.800,-0.021,0.558,-0.162,-0.104,0.304,0.295,0.390,-0.355,-0.520,0.315,-0.280,-0.082,0.040,0.477,0.047,[448],73,57,59,11,,41
,[450],-0.146,0.419,0.386,0.379,-0.428,0.018,-0.097,0.170,-0.206,0.242,0.152,0.181,0.027,0.147,0.564,-0.285,-0.382,0.303,0.051,0.354,0.332,0.692,0.764,0.232,0.414,0.415,0.465,-0.152,1.000,0.134,0.189,0.258,-0.043,-0.036,-0.298,-0.255,-0.320,-0.295,-0.752,-0.424,0.332,0.178,-0.736,-0.033,-0.115,-0.172,0.429,-0.446,0.317,-0.413,0.335,0.321,0.091,-0.307,-0.191,-0.693,-0.535,-0.291,-0.004,0.225,-0.404,-0.005,-0.079,-0.079,0.486,-0.164,-0.027,0.036,0.114,-0.625,0.040,0.052,0.268,0.365,-0.181,-0.280,-0.060,0.188,0.433,-0.212,-0.010,-0.456,-0.020,0.112,0.195,0.416,-0.350,0.255,0.118,0.475,-0.116,0.395,0.237,-0.141,-0.130,0.151,-0.019,0.064,-0.246,0.428,-0.197,-0.816,-0.019,-0.380,0.265,-0.621,0.036,0.485,0.402,-0.193,-0.142,-0.351,-0.400,-0.109,-0.210,0.062,-0.157,0.744,-0.365,0.557,0.298,-0.339,-0.203,0.444,0.213,0.137,0.085,0.219,-0.429,-0.266,0.450,0.016,0.241,-0.069,-0.394,0.595,-0.572,0.159,-0.603,0.093,0.320,-0.244,-0.542,-0.142,0.418,-0.128,0.413,-0.346,0.104,-0.189,-0.100,-0.025,-0.073,-0.177,0.098,0.387,-0.448,0.452,-0.132,-0.312,0.064,-0.323,-0.402,0.440,0.094,-0.477,-0.102,-0.356,-0.136,-0.577,-0.031,-0.120,-0.550,-0.206,-0.098,0.026,-0.210,0.534,-0.102,0.295,-0.204,-0.044,-0.147,-0.099,0.263,-0.537,0.047,0.044,0.114,-0.417,0.013,-0.163,0.250,0.632,0.491,0.121,0.489,0.039,0.188,-0.477,[450],88,57,49,6,,42
