


,,[141],[172],[204],[237],[240],[243],[264],[268],[272],[273],[274],[275],[300],[303],[306],[307],[308],[309],[326],[332],[333],[335],[336],[337],[338],[339],[366],[367],[368],[369],[370],[371],[388],[397],[400],[401],[402],[420],[428],[432],[464],[465],[466],[485],[498],[526],[527],[529],[563],[590],[591],[595],[612],[622],[623],[627],[628],[654],[655],[656],[657],[660],[684],[686],[687],[688],[689],[690],[693],[718],[719],[720],[722],[723],[725],[750],[755],[756],[782],[788],[789],[790],[813],[814],[821],[822],[845],[846],[877],[903],[909],[919],[920],[941],[952],[970],[1002],[1011],[1016],[1022],,0~0.2,0.2~0.4,0.4~0.7,0.7~1,,0~0.1
,[141],1.000,0.389,0.295,-0.216,-0.183,0.170,0.625,-0.579,0.106,0.133,-0.014,0.103,0.164,-0.249,0.256,0.289,0.165,-0.148,0.648,0.024,0.450,0.138,-0.221,-0.478,0.008,0.095,0.076,0.100,-0.489,-0.335,0.236,-0.233,0.475,0.071,0.828,0.718,-0.071,-0.024,-0.041,-0.263,0.259,0.280,-0.675,0.016,0.044,-0.589,-0.162,-0.215,0.091,0.303,-0.259,-0.017,0.403,0.406,-0.061,-0.087,0.080,0.051,0.097,-0.082,-0.141,0.072,-0.237,0.135,-0.002,-0.266,0.401,-0.091,-0.140,-0.121,-0.057,-0.126,0.011,-0.078,0.100,0.060,0.102,-0.080,-0.264,0.007,-0.254,0.022,-0.313,-0.122,0.192,-0.261,-0.006,0.076,-0.123,-0.025,-0.540,-0.085,0.230,0.268,-0.093,-0.066,-0.163,0.023,-0.157,-0.148,[141],60,24,13,3,,37
,[172],0.389,1.000,0.533,-0.426,0.245,-0.224,0.564,-0.551,0.574,-0.167,0.243,-0.054,-0.574,-0.547,-0.030,-0.092,0.504,-0.271,0.590,-0.532,0.526,-0.493,0.441,-0.178,0.507,-0.599,0.061,-0.241,0.036,-0.266,0.719,-0.831,0.820,-0.119,0.151,0.227,0.165,0.459,-0.243,0.066,0.336,0.409,-0.618,0.502,-0.566,0.096,-0.498,-0.538,-0.677,0.462,-0.476,0.263,0.748,0.875,-0.622,0.643,-0.583,0.508,-0.117,-0.725,-0.008,-0.064,-0.755,0.029,0.260,-0.137,0.209,0.161,-0.318,-0.501,-0.309,-0.573,-0.016,-0.053,-0.526,-0.106,-0.082,0.124,-0.241,-0.077,0.402,-0.691,0.075,-0.060,-0.042,-0.101,-0.371,-0.387,-0.546,0.647,-0.015,0.074,0.415,0.738,-0.229,-0.606,-0.478,0.165,0.116,0.273,[172],32,20,39,9,,19
,[204],0.295,0.533,1.000,-0.556,0.295,-0.295,0.511,-0.405,0.509,-0.256,0.124,0.020,-0.536,-0.326,-0.344,0.091,0.296,-0.632,0.503,-0.324,0.704,-0.654,0.510,-0.258,0.233,-0.454,-0.229,-0.098,0.321,-0.199,0.549,-0.628,0.611,-0.325,0.113,0.019,0.442,0.633,-0.318,0.396,0.077,0.341,-0.293,0.339,-0.303,-0.153,-0.259,-0.683,-0.487,0.179,-0.484,0.399,0.582,0.452,-0.432,0.322,-0.553,0.405,0.173,-0.343,0.111,0.109,-0.582,0.619,-0.404,0.164,0.114,0.097,-0.532,-0.211,0.046,-0.032,-0.006,-0.045,-0.323,-0.378,-0.053,0.113,-0.341,-0.121,0.228,-0.491,0.474,0.239,-0.016,0.114,0.095,-0.802,-0.317,0.036,-0.205,0.234,0.354,0.216,-0.451,-0.755,-0.896,0.217,0.137,0.127,[204],29,35,31,5,,14
,[237],-0.216,-0.426,-0.556,1.000,-0.165,0.257,-0.497,0.492,-0.362,0.084,0.176,-0.210,0.458,0.229,0.226,-0.158,-0.210,0.297,-0.395,0.220,-0.369,0.502,-0.364,0.112,-0.414,0.353,0.088,0.015,-0.188,0.329,-0.363,0.654,-0.500,0.132,-0.094,0.051,-0.249,-0.476,0.144,-0.180,-0.322,-0.092,0.303,-0.030,0.121,0.050,-0.058,0.554,0.232,-0.084,0.318,-0.517,-0.500,-0.167,0.092,-0.104,0.371,-0.377,-0.022,0.249,-0.114,-0.288,0.648,-0.527,0.002,-0.119,-0.357,-0.125,0.450,0.328,-0.245,-0.129,-0.173,0.085,0.149,0.395,-0.235,-0.118,-0.120,-0.094,-0.053,0.249,-0.230,0.084,-0.135,-0.182,-0.238,0.461,0.328,-0.080,0.227,-0.087,-0.264,-0.414,0.503,0.582,0.606,-0.072,0.087,-0.340,[237],42,36,21,1,,21
,[240],-0.183,0.245,0.295,-0.165,1.000,-0.535,-0.188,0.044,0.302,-0.259,-0.148,-0.198,-0.362,-0.109,-0.177,-0.061,0.112,-0.234,-0.238,-0.254,0.000,-0.474,0.478,0.303,0.421,-0.341,0.107,-0.143,0.160,0.367,0.212,-0.326,0.072,0.008,-0.359,-0.381,0.125,0.553,-0.032,0.311,0.013,-0.112,0.162,0.268,-0.158,0.367,-0.009,-0.252,-0.379,-0.009,-0.045,0.341,0.057,0.051,-0.153,0.264,-0.502,0.250,-0.307,-0.287,-0.237,0.211,-0.245,0.166,-0.121,0.375,-0.174,-0.135,-0.238,-0.171,-0.036,-0.041,-0.146,-0.281,-0.175,-0.183,-0.124,-0.126,0.151,0.062,0.203,-0.329,0.336,0.219,0.058,0.393,0.015,-0.423,-0.233,0.258,0.271,0.350,0.156,0.106,-0.248,-0.485,-0.337,0.310,0.046,0.191,[240],48,43,8,1,,18
,[243],0.170,-0.224,-0.295,0.257,-0.535,1.000,-0.049,0.117,-0.098,0.128,0.267,-0.020,0.293,0.363,0.083,0.077,0.074,0.421,0.072,0.237,-0.165,0.442,-0.383,-0.161,-0.253,0.396,-0.114,0.338,-0.179,-0.271,-0.110,0.261,-0.188,-0.007,0.424,0.509,0.174,-0.664,0.055,-0.369,-0.105,0.318,0.025,-0.222,0.186,-0.350,0.027,0.173,0.373,-0.118,0.222,-0.485,0.039,-0.127,0.064,-0.312,0.416,0.039,0.024,0.345,0.012,-0.539,0.312,-0.201,-0.031,-0.254,-0.138,0.029,0.336,0.219,-0.129,-0.042,-0.039,0.209,0.091,0.174,-0.010,-0.174,-0.086,-0.102,-0.301,0.338,-0.163,-0.486,-0.050,-0.431,0.106,0.377,0.177,-0.281,-0.420,-0.111,-0.185,-0.165,0.217,0.483,0.310,-0.298,0.062,-0.308,[243],51,35,13,1,,25
,[264],0.625,0.564,0.511,-0.497,-0.188,-0.049,1.000,-0.759,0.418,0.156,0.163,0.411,-0.200,-0.475,0.111,0.279,0.478,-0.285,0.935,-0.073,0.715,-0.165,0.057,-0.237,0.126,-0.106,-0.206,0.043,-0.079,-0.534,0.417,-0.556,0.834,-0.260,0.526,0.403,0.144,0.263,-0.406,0.037,0.411,0.425,-0.622,-0.002,-0.059,-0.410,-0.238,-0.443,-0.144,0.267,-0.425,0.229,0.671,0.495,-0.263,0.122,-0.104,0.359,0.320,-0.351,0.235,0.152,-0.644,0.251,0.072,-0.083,0.605,0.070,-0.211,-0.225,0.032,-0.116,0.030,-0.134,-0.022,-0.167,0.068,-0.020,-0.276,-0.107,-0.143,-0.206,-0.005,-0.146,0.118,-0.376,-0.075,-0.328,-0.260,0.097,-0.432,-0.315,0.174,0.485,-0.172,-0.331,-0.426,-0.094,-0.123,0.082,[264],43,25,27,5,,21
,[268],-0.579,-0.551,-0.405,0.492,0.044,0.117,-0.759,1.000,-0.315,-0.112,-0.029,-0.206,0.037,0.426,-0.213,-0.150,-0.303,0.213,-0.693,0.076,-0.552,0.023,0.100,0.275,-0.282,-0.012,-0.039,-0.060,0.156,0.390,-0.218,0.536,-0.651,0.027,-0.482,-0.378,-0.064,-0.358,0.244,0.124,-0.420,-0.342,0.512,-0.016,0.010,0.394,0.115,0.382,0.111,-0.234,0.315,-0.330,-0.521,-0.361,0.073,-0.066,-0.040,-0.336,-0.067,0.268,0.122,-0.274,0.498,-0.228,-0.076,0.098,-0.521,0.250,0.222,0.211,0.031,-0.069,-0.034,0.383,-0.036,0.274,-0.069,0.146,0.137,0.097,0.106,0.133,-0.023,0.022,-0.064,0.103,0.018,0.147,0.215,0.006,0.366,0.274,-0.162,-0.435,0.034,0.359,0.281,-0.092,0.238,-0.145,[268],48,34,16,2,,32
,[272],0.106,0.574,0.509,-0.362,0.302,-0.098,0.418,-0.315,1.000,-0.102,0.399,0.025,-0.549,-0.188,-0.240,0.109,0.604,-0.074,0.402,-0.285,0.413,-0.352,0.369,0.051,0.456,-0.410,-0.159,0.007,0.204,-0.173,0.434,-0.724,0.607,-0.294,0.032,0.009,0.554,0.348,-0.342,0.033,0.525,0.471,-0.222,0.323,-0.287,-0.012,-0.323,-0.614,-0.483,0.035,-0.268,0.053,0.788,0.420,-0.303,0.464,-0.433,0.789,-0.266,-0.477,-0.078,-0.123,-0.655,0.115,0.051,0.180,0.129,-0.064,-0.004,-0.320,0.013,-0.369,-0.113,-0.241,-0.348,-0.281,-0.170,-0.138,0.059,-0.295,0.140,-0.475,0.381,-0.262,-0.231,-0.240,-0.110,-0.521,-0.441,0.432,-0.317,0.286,0.104,0.438,-0.090,-0.452,-0.460,0.077,0.132,0.167,[272],37,31,28,4,,19
,[273],0.133,-0.167,-0.256,0.084,-0.259,0.128,0.156,-0.112,-0.102,1.000,-0.002,0.401,0.321,0.047,0.044,0.039,-0.140,0.032,0.112,0.618,-0.047,0.380,-0.552,-0.084,-0.214,0.482,-0.147,0.469,-0.114,-0.288,-0.175,0.223,-0.007,-0.082,0.184,0.037,-0.139,-0.182,-0.113,-0.269,0.293,-0.026,0.094,-0.682,0.547,-0.459,0.293,0.244,0.493,-0.523,0.578,0.015,-0.071,-0.227,0.145,-0.451,0.469,-0.015,0.207,0.365,-0.045,0.218,0.174,0.108,0.069,-0.133,0.437,-0.223,0.418,-0.245,0.012,0.309,0.098,-0.091,0.570,0.347,0.153,-0.026,0.175,0.011,-0.466,0.489,-0.094,-0.069,0.096,0.023,0.348,0.335,-0.257,-0.147,-0.167,-0.085,-0.251,-0.069,0.040,0.325,0.391,-0.155,-0.345,-0.012,[273],55,26,18,1,,31
,[274],-0.014,0.243,0.124,0.176,-0.148,0.267,0.163,-0.029,0.399,-0.002,1.000,0.037,-0.042,0.064,-0.186,-0.209,0.283,-0.041,0.264,-0.246,0.301,0.166,-0.034,-0.035,-0.002,-0.012,-0.323,0.209,0.303,-0.339,0.089,-0.117,0.300,-0.341,-0.044,0.198,0.328,-0.073,-0.242,-0.169,0.243,0.558,-0.010,0.231,-0.304,-0.133,-0.336,-0.260,-0.226,0.112,-0.083,-0.406,0.513,0.321,-0.329,0.350,0.073,0.514,0.054,-0.219,0.305,-0.415,-0.165,-0.210,0.071,0.008,0.061,0.086,0.426,-0.023,-0.055,-0.450,-0.198,-0.084,-0.319,0.053,-0.206,-0.153,-0.172,-0.259,0.196,-0.232,0.079,-0.283,-0.207,-0.466,-0.225,-0.122,-0.106,0.156,-0.021,-0.129,-0.236,0.179,0.456,0.138,-0.008,-0.064,0.300,-0.144,[274],53,37,9,1,,30
,[275],0.103,-0.054,0.020,-0.210,-0.198,-0.020,0.411,-0.206,0.025,0.401,0.037,1.000,0.084,-0.192,0.102,-0.012,0.038,-0.077,0.312,0.403,0.182,0.069,-0.122,0.073,-0.044,0.181,-0.139,0.369,0.210,-0.469,-0.119,0.091,0.179,-0.095,0.092,-0.062,0.134,0.051,-0.155,0.027,0.300,0.094,-0.133,-0.513,0.310,-0.326,-0.050,-0.075,0.306,-0.327,-0.019,0.188,0.049,-0.043,0.104,-0.268,0.214,0.128,0.456,0.110,0.411,0.296,-0.063,0.117,0.136,0.023,0.603,0.085,-0.019,-0.128,-0.005,0.185,0.146,-0.049,0.330,0.166,0.141,-0.020,-0.015,-0.048,-0.382,0.265,0.014,0.050,0.100,-0.165,0.144,-0.109,-0.162,-0.237,-0.132,-0.415,-0.279,0.014,-0.086,0.126,-0.017,-0.283,-0.233,-0.082,[275],70,20,9,1,,40
,[300],0.164,-0.574,-0.536,0.458,-0.362,0.293,-0.200,0.037,-0.549,0.321,-0.042,0.084,1.000,0.284,0.424,0.155,-0.344,0.285,-0.186,0.363,-0.231,0.741,-0.760,-0.044,-0.380,0.863,0.054,0.450,-0.341,-0.004,-0.680,0.660,-0.398,0.180,0.270,0.249,-0.285,-0.475,0.173,-0.425,-0.090,-0.112,0.193,-0.446,0.463,-0.514,0.319,0.451,0.786,-0.142,0.329,-0.397,-0.442,-0.470,0.432,-0.637,0.847,-0.385,0.052,0.569,-0.180,0.032,0.591,-0.232,-0.053,-0.094,0.160,-0.323,0.318,0.365,0.076,0.417,-0.093,-0.118,0.535,0.201,0.110,-0.264,0.017,0.129,-0.424,0.782,-0.362,0.022,0.193,-0.133,0.119,0.638,0.420,-0.589,-0.212,-0.387,-0.392,-0.367,0.446,0.635,0.556,-0.160,-0.045,-0.308,[300],33,31,29,7,,16
,[303],-0.249,-0.547,-0.326,0.229,-0.109,0.363,-0.475,0.426,-0.188,0.047,0.064,-0.192,0.284,1.000,-0.225,-0.067,-0.286,0.292,-0.417,0.209,-0.466,0.375,-0.236,0.104,-0.373,0.382,-0.296,0.232,0.032,0.261,-0.355,0.389,-0.451,-0.210,-0.085,-0.125,0.088,-0.450,0.020,-0.088,-0.116,-0.124,0.633,-0.206,0.145,0.000,0.336,0.232,0.339,-0.413,0.507,-0.372,-0.233,-0.549,0.318,-0.353,0.320,-0.168,-0.222,0.293,-0.155,-0.330,0.402,0.070,-0.123,0.222,-0.284,-0.066,0.466,0.129,0.318,0.217,-0.115,0.121,0.081,0.075,-0.069,-0.108,0.469,-0.023,-0.108,0.381,0.149,-0.275,-0.077,0.063,0.390,0.264,0.118,-0.250,-0.005,0.313,-0.160,-0.328,0.197,0.345,0.319,0.017,0.161,-0.135,[303],41,44,14,1,,19
,[306],0.256,-0.030,-0.344,0.226,-0.177,0.083,0.111,-0.213,-0.240,0.044,-0.186,0.102,0.424,-0.225,1.000,0.192,0.076,0.241,0.116,-0.010,-0.055,0.236,-0.207,0.010,0.117,0.212,0.197,-0.078,-0.395,0.016,-0.141,0.186,-0.002,0.240,0.231,0.301,-0.437,-0.120,0.147,-0.239,0.047,-0.044,-0.329,-0.046,0.140,-0.172,-0.084,0.321,0.245,0.218,-0.081,0.005,-0.184,0.082,0.095,-0.174,0.250,-0.246,0.116,0.125,-0.115,-0.014,0.134,-0.323,0.204,-0.313,0.175,-0.028,-0.097,0.228,-0.329,-0.019,0.074,-0.102,0.225,0.263,0.217,-0.158,-0.232,0.187,-0.196,0.227,-0.484,0.081,0.135,-0.120,-0.231,0.329,0.247,-0.007,0.001,-0.278,-0.112,0.155,0.107,0.232,0.256,-0.167,-0.072,-0.109,[306],59,37,3,1,,27
,[307],0.289,-0.092,0.091,-0.158,-0.061,0.077,0.279,-0.150,0.109,0.039,-0.209,-0.012,0.155,-0.067,0.192,1.000,0.386,-0.093,0.246,0.049,0.199,-0.075,0.038,0.266,0.158,0.219,0.069,-0.038,-0.284,0.065,-0.062,-0.125,0.067,0.066,0.253,0.013,-0.046,0.059,-0.074,0.110,0.122,-0.061,-0.191,-0.060,0.166,-0.314,0.220,-0.019,0.188,0.083,0.005,0.109,0.098,-0.142,-0.087,-0.142,0.067,0.015,0.087,0.092,-0.103,0.194,-0.295,0.206,-0.157,-0.069,0.216,-0.026,-0.108,0.005,0.122,0.244,-0.077,0.014,0.168,-0.077,0.035,-0.017,-0.069,0.021,-0.245,0.144,-0.256,-0.134,0.164,-0.276,0.213,-0.068,-0.005,-0.154,-0.358,0.042,0.052,-0.084,-0.150,-0.111,-0.161,-0.052,-0.132,-0.141,[307],79,20,0,1,,48
,[308],0.165,0.504,0.296,-0.210,0.112,0.074,0.478,-0.303,0.604,-0.140,0.283,0.038,-0.344,-0.286,0.076,0.386,1.000,0.050,0.538,-0.265,0.358,-0.270,0.326,0.342,0.346,-0.238,-0.233,-0.145,-0.066,-0.199,0.373,-0.529,0.548,-0.279,0.127,0.051,0.355,0.120,-0.329,0.260,0.343,0.411,-0.340,0.228,-0.314,-0.024,-0.268,-0.394,-0.367,0.258,-0.218,0.055,0.594,0.397,-0.469,0.378,-0.284,0.459,-0.000,-0.428,0.017,-0.176,-0.642,0.026,0.048,-0.024,0.147,0.064,-0.037,-0.261,-0.157,-0.332,-0.022,-0.043,-0.354,-0.071,-0.044,0.028,-0.165,-0.132,0.097,-0.389,-0.066,-0.306,-0.094,-0.506,-0.132,-0.393,-0.308,0.325,-0.205,-0.008,0.252,0.352,-0.015,-0.302,-0.284,-0.030,0.008,-0.068,[308],41,45,13,1,,28
,[309],-0.148,-0.271,-0.632,0.297,-0.234,0.421,-0.285,0.213,-0.074,0.032,-0.041,-0.077,0.285,0.292,0.241,-0.093,0.050,1.000,-0.274,0.152,-0.573,0.422,-0.275,0.122,-0.014,0.231,0.160,0.070,-0.222,-0.021,-0.374,0.274,-0.323,0.199,0.074,0.193,-0.066,-0.683,0.182,-0.419,0.154,-0.044,0.127,-0.156,0.139,0.115,0.132,0.144,0.301,-0.088,0.249,-0.427,-0.183,-0.236,0.348,-0.181,0.332,-0.085,-0.360,0.276,-0.216,-0.367,0.309,-0.494,0.395,-0.135,-0.187,-0.093,0.340,0.100,-0.032,-0.034,-0.044,0.032,0.078,0.204,-0.016,-0.122,0.276,-0.004,-0.182,0.282,-0.284,-0.357,-0.053,-0.273,-0.138,0.507,0.169,0.061,-0.082,-0.085,-0.233,0.021,0.274,0.462,0.534,-0.158,-0.076,-0.131,[309],53,35,11,1,,29
,[326],0.648,0.590,0.503,-0.395,-0.238,0.072,0.935,-0.693,0.402,0.112,0.264,0.312,-0.186,-0.417,0.116,0.246,0.538,-0.274,1.000,-0.145,0.753,-0.126,0.054,-0.279,0.061,-0.098,-0.359,0.089,-0.136,-0.533,0.443,-0.529,0.826,-0.355,0.592,0.521,0.193,0.154,-0.488,0.060,0.277,0.520,-0.590,0.074,-0.197,-0.419,-0.338,-0.443,-0.177,0.341,-0.430,0.094,0.707,0.574,-0.332,0.170,-0.095,0.346,0.271,-0.385,0.182,-0.015,-0.603,0.170,0.081,-0.108,0.466,0.081,-0.143,-0.188,-0.082,-0.220,-0.021,-0.070,-0.162,-0.152,0.027,0.024,-0.314,-0.108,-0.033,-0.232,-0.026,-0.236,0.087,-0.440,-0.148,-0.277,-0.233,0.128,-0.466,-0.293,0.250,0.492,-0.104,-0.270,-0.379,-0.071,0.019,-0.044,[326],45,26,24,5,,23
,[332],0.024,-0.532,-0.324,0.220,-0.254,0.237,-0.073,0.076,-0.285,0.618,-0.246,0.403,0.363,0.209,-0.010,0.049,-0.265,0.152,-0.145,1.000,-0.275,0.407,-0.506,-0.014,-0.320,0.531,-0.010,0.396,-0.082,-0.109,-0.412,0.478,-0.380,0.118,0.236,-0.065,-0.036,-0.282,0.065,-0.114,-0.016,-0.343,0.276,-0.827,0.826,-0.381,0.261,0.346,0.639,-0.619,0.492,-0.017,-0.428,-0.610,0.509,-0.710,0.495,-0.222,0.168,0.564,-0.119,0.374,0.446,0.035,-0.096,0.030,0.271,-0.303,0.230,0.115,0.161,0.576,0.204,-0.075,0.801,0.101,0.205,-0.137,0.213,0.020,-0.766,0.622,0.021,0.042,0.081,0.042,0.337,0.332,0.092,-0.490,-0.225,-0.041,-0.253,-0.447,-0.030,0.344,0.429,-0.200,-0.549,-0.216,[332],36,35,23,6,,25
,[333],0.450,0.526,0.704,-0.369,0.000,-0.165,0.715,-0.552,0.413,-0.047,0.301,0.182,-0.231,-0.466,-0.055,0.199,0.358,-0.573,0.753,-0.275,1.000,-0.289,0.177,-0.266,0.137,-0.186,-0.249,0.073,0.115,-0.391,0.418,-0.482,0.692,-0.358,0.303,0.232,0.291,0.463,-0.437,0.134,0.137,0.522,-0.432,0.199,-0.215,-0.402,-0.359,-0.482,-0.263,0.286,-0.475,0.130,0.600,0.518,-0.420,0.230,-0.230,0.414,0.299,-0.320,0.244,0.085,-0.549,0.300,-0.200,-0.035,0.366,0.004,-0.291,-0.083,-0.151,-0.138,-0.044,-0.203,-0.173,-0.242,0.006,-0.018,-0.421,-0.086,0.110,-0.288,0.169,0.109,0.084,-0.230,-0.085,-0.477,-0.183,-0.002,-0.290,-0.152,0.159,0.349,-0.148,-0.394,-0.587,0.085,0.152,0.047,[333],39,33,24,4,,17
,[335],0.138,-0.493,-0.654,0.502,-0.474,0.442,-0.165,0.023,-0.352,0.380,0.166,0.069,0.741,0.375,0.236,-0.075,-0.270,0.422,-0.126,0.407,-0.289,1.000,-0.817,-0.108,-0.503,0.698,-0.005,0.391,-0.427,-0.070,-0.548,0.633,-0.370,0.121,0.330,0.369,-0.182,-0.678,0.083,-0.576,0.082,0.056,0.230,-0.414,0.422,-0.396,0.289,0.412,0.633,-0.214,0.430,-0.645,-0.291,-0.407,0.520,-0.441,0.831,-0.268,-0.058,0.407,-0.134,-0.116,0.620,-0.300,0.020,-0.032,0.112,-0.379,0.714,0.234,0.103,0.137,-0.054,-0.205,0.447,0.277,0.017,-0.361,0.230,-0.059,-0.433,0.635,-0.323,-0.221,-0.030,-0.346,0.103,0.697,0.328,-0.402,-0.250,-0.301,-0.464,-0.299,0.734,0.854,0.738,-0.095,-0.147,-0.286,[335],30,31,31,8,,16
,[336],-0.221,0.441,0.510,-0.364,0.478,-0.383,0.057,0.100,0.369,-0.552,-0.034,-0.122,-0.760,-0.236,-0.207,0.038,0.326,-0.275,0.054,-0.506,0.177,-0.817,1.000,0.244,0.426,-0.772,-0.010,-0.463,0.420,0.125,0.460,-0.526,0.305,-0.109,-0.363,-0.348,0.185,0.504,-0.084,0.494,-0.104,0.029,-0.129,0.500,-0.497,0.585,-0.296,-0.362,-0.654,0.253,-0.412,0.386,0.285,0.399,-0.493,0.519,-0.878,0.222,0.037,-0.491,0.203,-0.055,-0.564,0.161,0.012,0.081,-0.227,0.411,-0.524,-0.176,-0.079,-0.282,-0.004,0.135,-0.540,-0.196,-0.057,0.236,-0.104,0.098,0.462,-0.664,0.208,0.160,0.068,0.101,-0.176,-0.653,-0.236,0.449,0.326,0.335,0.361,0.358,-0.551,-0.661,-0.599,0.127,0.199,0.144,[336],35,29,31,5,,17
,[337],-0.478,-0.178,-0.258,0.112,0.303,-0.161,-0.237,0.275,0.051,-0.084,-0.035,0.073,-0.044,0.104,0.010,0.266,0.342,0.122,-0.279,-0.014,-0.266,-0.108,0.244,1.000,0.214,0.056,0.040,0.001,0.219,0.164,-0.189,0.114,-0.218,0.034,-0.476,-0.567,0.026,0.071,0.010,0.379,-0.043,-0.214,0.272,-0.104,-0.019,0.379,0.113,0.189,0.002,-0.107,0.280,0.050,-0.218,-0.293,-0.179,0.047,-0.050,0.006,0.089,-0.032,0.048,0.144,-0.122,-0.100,0.042,0.103,-0.010,0.027,0.087,-0.001,-0.055,0.099,0.036,-0.082,-0.038,0.099,0.032,0.003,0.085,0.067,0.068,0.027,-0.148,0.036,-0.039,-0.195,0.033,-0.154,0.006,0.081,0.306,-0.109,-0.156,-0.060,0.063,0.024,0.138,-0.149,-0.065,-0.002,[337],76,20,3,1,,52
,[338],0.008,0.507,0.233,-0.414,0.421,-0.253,0.126,-0.282,0.456,-0.214,-0.002,-0.044,-0.380,-0.373,0.117,0.158,0.346,-0.014,0.061,-0.320,0.137,-0.503,0.426,0.214,1.000,-0.383,0.300,-0.118,0.154,-0.205,0.212,-0.582,0.286,0.187,-0.111,-0.097,0.014,0.551,0.128,-0.037,0.294,0.060,-0.375,0.323,-0.229,0.117,-0.161,-0.368,-0.406,0.276,-0.270,0.377,0.381,0.282,-0.292,0.351,-0.434,0.482,-0.195,-0.178,-0.035,0.114,-0.514,-0.045,0.166,-0.225,0.078,-0.043,-0.417,-0.222,-0.334,-0.207,-0.048,-0.183,-0.249,-0.135,0.008,0.061,-0.061,0.006,0.172,-0.411,-0.072,-0.061,0.015,0.140,-0.096,-0.258,-0.305,0.444,0.047,0.175,0.007,0.503,-0.351,-0.527,-0.345,-0.024,-0.040,0.269,[338],46,36,17,1,,26
,[339],0.095,-0.599,-0.454,0.353,-0.341,0.396,-0.106,-0.012,-0.410,0.482,-0.012,0.181,0.863,0.382,0.212,0.219,-0.238,0.231,-0.098,0.531,-0.186,0.698,-0.772,0.056,-0.383,1.000,-0.070,0.553,-0.242,-0.095,-0.668,0.603,-0.362,0.054,0.283,0.196,-0.171,-0.427,-0.005,-0.383,-0.068,-0.068,0.326,-0.621,0.526,-0.545,0.393,0.426,0.827,-0.369,0.490,-0.312,-0.364,-0.594,0.397,-0.699,0.886,-0.263,0.069,0.629,-0.195,0.063,0.524,-0.053,-0.125,-0.051,0.192,-0.398,0.392,0.316,0.088,0.575,-0.036,-0.146,0.543,0.161,0.105,-0.289,0.119,0.030,-0.524,0.831,-0.194,-0.095,0.100,-0.165,0.376,0.576,0.310,-0.639,-0.279,-0.396,-0.476,-0.421,0.382,0.558,0.521,-0.192,-0.100,-0.352,[339],36,30,28,6,,19
,[366],0.076,0.061,-0.229,0.088,0.107,-0.114,-0.206,-0.039,-0.159,-0.147,-0.323,-0.139,0.054,-0.296,0.197,0.069,-0.233,0.160,-0.359,-0.010,-0.249,-0.005,-0.010,0.040,0.300,-0.070,1.000,-0.276,-0.123,0.149,-0.136,0.079,-0.289,0.812,-0.016,-0.039,-0.295,0.091,0.506,-0.299,0.072,-0.270,-0.281,0.070,0.065,0.134,0.039,0.170,-0.003,0.132,-0.014,0.173,-0.285,0.026,0.087,0.036,-0.048,-0.156,-0.104,0.081,-0.188,0.240,0.073,-0.206,0.219,-0.347,-0.026,-0.027,-0.258,-0.008,-0.202,0.015,0.087,-0.080,0.096,0.169,0.033,-0.059,-0.058,0.072,-0.050,-0.030,-0.323,0.301,0.032,0.070,-0.093,0.247,0.034,0.099,0.189,-0.070,-0.027,-0.008,-0.080,-0.010,0.165,0.086,-0.239,0.096,[366],72,25,1,2,,52
,[367],0.100,-0.241,-0.098,0.015,-0.143,0.338,0.043,-0.060,0.007,0.469,0.209,0.369,0.450,0.232,-0.078,-0.038,-0.145,0.070,0.089,0.396,0.073,0.391,-0.463,0.001,-0.118,0.553,-0.276,1.000,0.078,-0.417,-0.376,0.254,-0.024,-0.193,0.248,0.181,0.276,-0.258,-0.181,-0.268,0.038,0.207,0.208,-0.551,0.478,-0.544,0.191,-0.048,0.585,-0.376,0.259,-0.284,0.047,-0.306,0.245,-0.567,0.517,0.291,0.041,0.423,-0.096,-0.047,0.211,0.045,-0.068,0.132,0.251,-0.308,0.220,0.110,0.021,0.358,-0.099,-0.195,0.416,-0.053,0.049,-0.268,0.104,-0.079,-0.403,0.605,0.145,-0.113,0.039,-0.166,0.236,0.160,0.021,-0.460,-0.433,-0.190,-0.340,-0.099,0.157,0.327,0.181,-0.224,0.122,-0.157,[367],50,32,17,1,,29
,[368],-0.489,0.036,0.321,-0.188,0.160,-0.179,-0.079,0.156,0.204,-0.114,0.303,0.210,-0.341,0.032,-0.395,-0.284,-0.066,-0.222,-0.136,-0.082,0.115,-0.427,0.420,0.219,0.154,-0.242,-0.123,0.078,1.000,-0.172,0.078,-0.125,0.010,-0.161,-0.510,-0.446,0.338,0.343,-0.079,0.220,-0.021,0.123,0.210,-0.026,-0.158,0.262,-0.245,-0.181,-0.213,-0.212,-0.053,0.163,0.099,0.005,-0.360,0.165,-0.313,0.359,0.314,-0.023,0.399,0.032,-0.196,0.110,-0.115,0.030,-0.054,0.238,-0.178,0.002,-0.004,0.038,0.014,-0.003,-0.207,-0.152,-0.008,0.052,-0.179,0.011,0.194,-0.212,0.343,0.245,0.030,0.086,0.017,-0.423,-0.104,0.044,0.308,-0.068,-0.115,0.042,-0.201,-0.276,-0.322,-0.015,0.148,0.207,[368],60,33,6,1,,33
,[369],-0.335,-0.266,-0.199,0.329,0.367,-0.271,-0.534,0.390,-0.173,-0.288,-0.339,-0.469,-0.004,0.261,0.016,0.065,-0.199,-0.021,-0.533,-0.109,-0.391,-0.070,0.125,0.164,-0.205,-0.095,0.149,-0.417,-0.172,1.000,-0.041,0.173,-0.382,0.079,-0.399,-0.414,-0.155,0.017,0.115,0.234,-0.271,-0.345,0.388,0.242,-0.096,0.455,0.125,0.364,-0.110,-0.109,0.201,0.028,-0.422,-0.210,0.132,0.068,-0.144,-0.342,-0.407,-0.152,-0.432,0.038,0.248,-0.045,-0.074,0.324,-0.437,-0.006,0.065,0.007,0.176,0.067,-0.036,0.058,-0.085,0.015,-0.122,-0.015,0.265,0.053,0.233,-0.045,0.204,0.182,-0.092,0.345,-0.036,0.017,0.063,0.123,0.393,0.416,0.275,-0.371,0.028,-0.043,0.119,0.341,0.146,-0.003,[369],56,32,11,1,,33
,[370],0.236,0.719,0.549,-0.363,0.212,-0.110,0.417,-0.218,0.434,-0.175,0.089,-0.119,-0.680,-0.355,-0.141,-0.062,0.373,-0.374,0.443,-0.412,0.418,-0.548,0.460,-0.189,0.212,-0.668,-0.136,-0.376,0.078,-0.041,1.000,-0.678,0.602,-0.235,0.047,0.100,0.259,0.349,-0.179,0.307,0.098,0.270,-0.480,0.469,-0.439,0.149,-0.357,-0.366,-0.659,0.330,-0.283,0.262,0.560,0.666,-0.633,0.557,-0.652,0.335,0.017,-0.642,0.124,-0.132,-0.571,0.213,-0.048,0.025,0.012,0.330,-0.306,-0.477,-0.169,-0.548,-0.006,0.150,-0.427,-0.024,-0.116,0.196,-0.310,-0.110,0.357,-0.663,0.227,-0.105,-0.097,0.040,-0.238,-0.532,-0.497,0.574,-0.027,0.283,0.478,0.466,-0.335,-0.519,-0.548,0.140,0.209,0.313,[370],33,31,34,2,,16
,[371],-0.233,-0.831,-0.628,0.654,-0.326,0.261,-0.556,0.536,-0.724,0.223,-0.117,0.091,0.660,0.389,0.186,-0.125,-0.529,0.274,-0.529,0.478,-0.482,0.633,-0.526,0.114,-0.582,0.603,0.079,0.254,-0.125,0.173,-0.678,1.000,-0.781,0.243,-0.061,-0.035,-0.325,-0.548,0.298,-0.180,-0.420,-0.323,0.436,-0.472,0.470,-0.108,0.338,0.671,0.667,-0.311,0.490,-0.400,-0.811,-0.614,0.445,-0.581,0.615,-0.637,0.254,0.685,0.024,-0.010,0.877,-0.211,-0.153,-0.094,-0.164,-0.113,0.342,0.439,-0.014,0.367,0.102,0.085,0.472,0.451,0.138,-0.095,0.000,0.148,-0.328,0.670,-0.300,0.238,0.056,-0.042,0.189,0.531,0.496,-0.548,0.181,-0.263,-0.450,-0.641,0.358,0.768,0.615,-0.188,-0.049,-0.384,[371],31,24,38,7,,14
,[388],0.475,0.820,0.611,-0.500,0.072,-0.188,0.834,-0.651,0.607,-0.007,0.300,0.179,-0.398,-0.451,-0.002,0.067,0.548,-0.323,0.826,-0.380,0.692,-0.370,0.305,-0.218,0.286,-0.362,-0.289,-0.024,0.010,-0.382,0.602,-0.781,1.000,-0.470,0.291,0.287,0.246,0.404,-0.533,0.110,0.407,0.502,-0.529,0.295,-0.358,-0.163,-0.403,-0.582,-0.442,0.351,-0.524,0.183,0.837,0.717,-0.457,0.401,-0.369,0.517,0.029,-0.640,0.123,-0.001,-0.778,0.167,0.142,0.050,0.454,0.135,-0.227,-0.360,-0.021,-0.356,-0.048,-0.091,-0.323,-0.252,-0.032,0.046,-0.193,-0.099,0.189,-0.461,0.190,-0.150,0.036,-0.247,-0.257,-0.467,-0.417,0.382,-0.256,-0.046,0.297,0.677,-0.186,-0.537,-0.530,0.056,0.113,0.174,[388],34,28,30,8,,18
,[397],0.071,-0.119,-0.325,0.132,0.008,-0.007,-0.260,0.027,-0.294,-0.082,-0.341,-0.095,0.180,-0.210,0.240,0.066,-0.279,0.199,-0.355,0.118,-0.358,0.121,-0.109,0.034,0.187,0.054,0.812,-0.193,-0.161,0.079,-0.235,0.243,-0.470,1.000,0.053,0.036,-0.341,-0.038,0.779,-0.280,-0.018,-0.332,-0.272,-0.038,0.140,0.045,0.141,0.264,0.146,0.128,0.085,0.169,-0.396,-0.136,0.198,-0.110,0.088,-0.244,0.033,0.280,-0.155,0.230,0.254,-0.194,0.128,-0.373,-0.090,-0.097,-0.197,0.099,-0.139,0.075,0.074,-0.100,0.168,0.216,0.035,-0.085,-0.112,0.063,-0.160,0.104,-0.426,0.208,0.053,0.097,-0.020,0.349,0.164,-0.029,0.073,-0.155,-0.074,-0.178,-0.024,0.165,0.256,-0.009,-0.280,-0.006,[397],68,27,2,3,,36
,[400],0.828,0.151,0.113,-0.094,-0.359,0.424,0.526,-0.482,0.032,0.184,-0.044,0.092,0.270,-0.085,0.231,0.253,0.127,0.074,0.592,0.236,0.303,0.330,-0.363,-0.476,-0.111,0.283,-0.016,0.248,-0.510,-0.399,0.047,-0.061,0.291,0.053,1.000,0.778,0.018,-0.264,-0.083,-0.373,0.095,0.275,-0.467,-0.184,0.216,-0.602,-0.043,-0.139,0.256,0.172,-0.122,-0.170,0.272,0.175,0.156,-0.273,0.290,-0.029,0.085,0.108,-0.185,-0.046,-0.023,0.072,-0.042,-0.252,0.240,-0.149,0.010,0.028,-0.056,0.032,0.000,-0.019,0.228,-0.006,0.165,-0.098,-0.150,0.088,-0.420,0.186,-0.283,-0.255,0.261,-0.360,0.108,0.235,0.022,-0.200,-0.650,-0.191,0.107,0.126,0.009,0.131,-0.008,-0.069,-0.163,-0.217,[400],57,30,10,3,,33
,[401],0.718,0.227,0.019,0.051,-0.381,0.509,0.403,-0.378,0.009,0.037,0.198,-0.062,0.249,-0.125,0.301,0.013,0.051,0.193,0.521,-0.065,0.232,0.369,-0.348,-0.567,-0.097,0.196,-0.039,0.181,-0.446,-0.414,0.100,-0.035,0.287,0.036,0.778,1.000,-0.124,-0.361,-0.064,-0.499,0.057,0.421,-0.468,0.088,-0.039,-0.464,-0.151,-0.102,0.150,0.372,-0.252,-0.367,0.327,0.343,0.013,-0.060,0.257,0.027,-0.001,0.082,-0.093,-0.290,0.083,-0.167,0.043,-0.335,0.062,-0.133,0.076,0.104,-0.155,-0.254,-0.107,-0.070,-0.028,0.109,-0.016,-0.255,-0.284,-0.071,-0.194,0.090,-0.314,-0.329,0.063,-0.342,-0.160,0.342,0.123,-0.028,-0.478,-0.280,-0.021,0.192,0.206,0.238,0.042,-0.108,0.054,-0.195,[401],58,28,11,3,,37
,[402],-0.071,0.165,0.442,-0.249,0.125,0.174,0.144,-0.064,0.554,-0.139,0.328,0.134,-0.285,0.088,-0.437,-0.046,0.355,-0.066,0.193,-0.036,0.291,-0.182,0.185,0.026,0.014,-0.171,-0.295,0.276,0.338,-0.155,0.259,-0.325,0.246,-0.341,0.018,-0.124,1.000,0.054,-0.309,0.206,0.143,0.395,0.132,-0.009,-0.087,-0.142,-0.149,-0.575,-0.147,-0.251,-0.056,-0.046,0.417,0.078,-0.096,0.090,-0.132,0.527,-0.134,-0.289,0.015,-0.199,-0.305,0.287,-0.149,0.443,-0.014,0.058,0.044,-0.163,0.097,-0.009,-0.153,0.004,-0.176,-0.332,-0.210,-0.029,0.098,-0.295,0.068,-0.122,0.558,-0.157,-0.189,-0.198,0.117,-0.482,-0.268,-0.136,-0.367,0.176,0.184,0.006,-0.026,-0.169,-0.345,0.063,0.241,0.092,[402],64,26,9,1,,31
,[420],-0.024,0.459,0.633,-0.476,0.553,-0.664,0.263,-0.358,0.348,-0.182,-0.073,0.051,-0.475,-0.450,-0.120,0.059,0.120,-0.683,0.154,-0.282,0.463,-0.678,0.504,0.071,0.551,-0.427,0.091,-0.258,0.343,0.017,0.349,-0.548,0.404,-0.038,-0.264,-0.361,0.054,1.000,-0.095,0.349,0.082,-0.049,-0.197,0.287,-0.211,0.098,-0.140,-0.317,-0.489,0.170,-0.365,0.665,0.266,0.275,-0.328,0.337,-0.567,0.278,0.153,-0.348,0.084,0.498,-0.506,0.380,-0.181,0.039,0.183,-0.010,-0.544,-0.174,-0.067,0.020,0.030,-0.248,-0.161,-0.296,0.024,0.067,-0.170,0.038,0.245,-0.461,0.328,0.397,0.034,0.416,0.061,-0.580,-0.275,0.202,0.185,0.150,0.150,0.222,-0.445,-0.743,-0.634,0.227,-0.059,0.304,[420],41,31,26,2,,25
,[428],-0.041,-0.243,-0.318,0.144,-0.032,0.055,-0.406,0.244,-0.342,-0.113,-0.242,-0.155,0.173,0.020,0.147,-0.074,-0.329,0.182,-0.488,0.065,-0.437,0.083,-0.084,0.010,0.128,-0.005,0.506,-0.181,-0.079,0.115,-0.179,0.298,-0.533,0.779,-0.083,-0.064,-0.309,-0.095,1.000,-0.188,-0.072,-0.324,-0.223,0.024,0.084,0.087,0.125,0.283,0.115,0.094,0.144,0.088,-0.411,-0.176,0.171,-0.103,0.062,-0.260,0.071,0.349,-0.020,0.066,0.352,-0.172,0.025,-0.358,-0.183,-0.025,-0.145,0.110,-0.101,-0.020,0.100,-0.015,0.092,0.270,0.058,-0.010,-0.128,0.078,-0.068,0.075,-0.419,0.100,0.013,0.191,0.020,0.289,0.178,-0.019,0.115,0.031,-0.065,-0.229,-0.054,0.222,0.221,-0.116,-0.166,0.053,[428],71,20,7,2,,41
,[432],-0.263,0.066,0.396,-0.180,0.311,-0.369,0.037,0.124,0.033,-0.269,-0.169,0.027,-0.425,-0.088,-0.239,0.110,0.260,-0.419,0.060,-0.114,0.134,-0.576,0.494,0.379,-0.037,-0.383,-0.299,-0.268,0.220,0.234,0.307,-0.180,0.110,-0.280,-0.373,-0.499,0.206,0.349,-0.188,1.000,-0.247,-0.212,0.127,0.125,-0.186,0.320,-0.136,-0.189,-0.341,0.080,-0.176,0.425,-0.052,0.024,-0.248,0.148,-0.446,-0.051,0.204,-0.321,0.189,0.211,-0.305,0.296,-0.166,0.411,-0.003,0.280,-0.332,0.000,0.111,0.064,0.069,0.172,-0.188,-0.231,0.003,0.308,-0.158,0.070,0.301,-0.322,0.329,0.233,-0.008,0.165,-0.124,-0.621,-0.012,0.036,0.207,0.127,0.426,-0.068,-0.357,-0.442,-0.419,0.051,0.065,0.106,[432],49,38,12,1,,23
,[464],0.259,0.336,0.077,-0.322,0.013,-0.105,0.411,-0.420,0.525,0.293,0.243,0.300,-0.090,-0.116,0.047,0.122,0.343,0.154,0.277,-0.016,0.137,0.082,-0.104,-0.043,0.294,-0.068,0.072,0.038,-0.021,-0.271,0.098,-0.420,0.407,-0.018,0.095,0.057,0.143,0.082,-0.072,-0.247,1.000,0.332,-0.273,0.011,-0.004,-0.279,-0.045,-0.411,-0.076,-0.102,-0.044,0.034,0.550,0.176,0.022,0.184,0.047,0.582,-0.178,-0.162,0.021,0.125,-0.432,0.065,0.244,0.012,0.511,-0.080,0.276,-0.378,0.208,-0.176,-0.095,-0.308,-0.008,-0.009,-0.124,-0.199,0.255,-0.272,-0.184,-0.104,-0.058,-0.284,-0.090,-0.197,0.040,-0.072,-0.356,0.247,-0.249,0.045,-0.088,0.357,0.155,-0.084,-0.011,0.092,-0.259,0.241,[464],61,28,10,1,,41
,[465],0.280,0.409,0.341,-0.092,-0.112,0.318,0.425,-0.342,0.471,-0.026,0.558,0.094,-0.112,-0.124,-0.044,-0.061,0.411,-0.044,0.520,-0.343,0.522,0.056,0.029,-0.214,0.060,-0.068,-0.270,0.207,0.123,-0.345,0.270,-0.323,0.502,-0.332,0.275,0.421,0.395,-0.049,-0.324,-0.212,0.332,1.000,-0.260,0.252,-0.321,-0.297,-0.316,-0.438,-0.224,0.193,-0.226,-0.298,0.646,0.475,-0.369,0.267,0.023,0.563,0.093,-0.210,0.231,-0.431,-0.284,-0.013,-0.074,-0.152,0.086,0.053,0.177,-0.105,-0.161,-0.390,-0.196,-0.157,-0.355,0.020,-0.149,-0.213,-0.297,-0.207,0.094,-0.240,0.038,-0.285,0.008,-0.462,-0.093,-0.228,-0.158,0.105,-0.258,-0.150,0.005,0.291,0.226,0.008,-0.231,-0.008,0.239,-0.011,[465],41,43,15,1,,26
,[466],-0.675,-0.618,-0.293,0.303,0.162,0.025,-0.622,0.512,-0.222,0.094,-0.010,-0.133,0.193,0.633,-0.329,-0.191,-0.340,0.127,-0.590,0.276,-0.432,0.230,-0.129,0.272,-0.375,0.326,-0.281,0.208,0.210,0.388,-0.480,0.436,-0.529,-0.272,-0.467,-0.468,0.132,-0.197,-0.223,0.127,-0.273,-0.260,1.000,-0.302,0.253,0.205,0.385,0.250,0.285,-0.593,0.484,-0.214,-0.441,-0.673,0.374,-0.292,0.259,-0.178,-0.231,0.281,-0.124,-0.029,0.459,0.084,-0.201,0.497,-0.314,-0.159,0.441,0.194,0.309,0.446,-0.076,-0.011,0.196,-0.125,-0.065,-0.133,0.544,0.013,-0.064,0.368,0.433,0.061,-0.098,0.266,0.322,0.096,0.186,-0.367,0.242,0.196,-0.278,-0.487,0.222,0.240,0.298,0.147,0.070,-0.083,[466],34,42,23,1,,15
,[485],0.016,0.502,0.339,-0.030,0.268,-0.222,-0.002,-0.016,0.323,-0.682,0.231,-0.513,-0.446,-0.206,-0.046,-0.060,0.228,-0.156,0.074,-0.827,0.199,-0.414,0.500,-0.104,0.323,-0.621,0.070,-0.551,-0.026,0.242,0.469,-0.472,0.295,-0.038,-0.184,0.088,-0.009,0.287,0.024,0.125,0.011,0.252,-0.302,1.000,-0.761,0.366,-0.309,-0.297,-0.768,0.688,-0.548,0.010,0.375,0.578,-0.420,0.796,-0.562,0.206,-0.257,-0.544,0.048,-0.331,-0.337,-0.127,0.020,-0.058,-0.400,0.258,-0.230,-0.059,-0.101,-0.652,-0.273,0.088,-0.746,-0.159,-0.419,0.132,-0.250,-0.254,0.678,-0.756,0.012,-0.028,-0.257,0.061,-0.437,-0.364,-0.026,0.528,0.190,0.251,0.302,0.317,0.047,-0.419,-0.406,0.283,0.426,0.169,[485],36,32,25,7,,25
,[498],0.044,-0.566,-0.303,0.121,-0.158,0.186,-0.059,0.010,-0.287,0.547,-0.304,0.310,0.463,0.145,0.140,0.166,-0.314,0.139,-0.197,0.826,-0.215,0.422,-0.497,-0.019,-0.229,0.526,0.065,0.478,-0.158,-0.096,-0.439,0.470,-0.358,0.140,0.216,-0.039,-0.087,-0.211,0.084,-0.186,-0.004,-0.321,0.253,-0.761,1.000,-0.424,0.515,0.327,0.682,-0.499,0.439,-0.015,-0.420,-0.666,0.573,-0.785,0.490,-0.161,0.166,0.639,-0.125,0.350,0.429,0.112,-0.204,0.084,0.311,-0.340,0.129,0.186,0.234,0.650,0.198,-0.187,0.963,0.038,0.310,-0.288,0.182,0.116,-0.824,0.671,0.015,0.126,0.167,0.074,0.360,0.270,0.174,-0.592,-0.282,-0.025,-0.361,-0.386,-0.016,0.358,0.321,-0.181,-0.429,-0.147,[498],43,27,24,6,,17
,[526],-0.589,0.096,-0.153,0.050,0.367,-0.350,-0.410,0.394,-0.012,-0.459,-0.133,-0.326,-0.514,0.000,-0.172,-0.314,-0.024,0.115,-0.419,-0.381,-0.402,-0.396,0.585,0.379,0.117,-0.545,0.134,-0.544,0.262,0.455,0.149,-0.108,-0.163,0.045,-0.602,-0.464,-0.142,0.098,0.087,0.320,-0.279,-0.297,0.205,0.366,-0.424,1.000,-0.123,0.117,-0.519,0.113,-0.043,0.139,-0.216,0.122,-0.182,0.487,-0.522,-0.154,-0.242,-0.405,0.006,-0.132,-0.089,-0.229,0.284,0.145,-0.462,0.296,-0.092,-0.083,-0.057,-0.290,0.098,0.169,-0.444,-0.029,-0.039,0.210,0.170,0.170,0.520,-0.491,0.069,0.075,-0.048,0.184,-0.296,-0.127,-0.037,0.524,0.679,0.151,0.204,0.151,-0.086,-0.204,0.004,0.092,0.150,0.205,[526],51,25,23,1,,24
,[527],-0.162,-0.498,-0.259,-0.058,-0.009,0.027,-0.238,0.115,-0.323,0.293,-0.336,-0.050,0.319,0.336,-0.084,0.220,-0.268,0.132,-0.338,0.261,-0.359,0.289,-0.296,0.113,-0.161,0.393,0.039,0.191,-0.245,0.125,-0.357,0.338,-0.403,0.141,-0.043,-0.151,-0.149,-0.140,0.125,-0.136,-0.045,-0.316,0.385,-0.309,0.515,-0.123,1.000,0.245,0.419,-0.276,0.528,0.096,-0.368,-0.626,0.389,-0.437,0.338,-0.277,-0.019,0.462,-0.206,0.113,0.355,0.431,-0.275,0.131,-0.099,-0.232,0.163,-0.118,0.367,0.571,-0.053,-0.074,0.466,0.124,-0.016,-0.131,0.383,-0.041,-0.325,0.457,0.026,0.048,-0.011,0.286,0.653,0.181,-0.033,-0.414,-0.028,0.095,-0.274,-0.366,0.071,0.209,0.159,0.074,-0.052,0.005,[527],47,38,14,1,,25
,[529],-0.215,-0.538,-0.683,0.554,-0.252,0.173,-0.443,0.382,-0.614,0.244,-0.260,-0.075,0.451,0.232,0.321,-0.019,-0.394,0.144,-0.443,0.346,-0.482,0.412,-0.362,0.189,-0.368,0.426,0.170,-0.048,-0.181,0.364,-0.366,0.671,-0.582,0.264,-0.139,-0.102,-0.575,-0.317,0.283,-0.189,-0.411,-0.438,0.250,-0.297,0.327,0.117,0.245,1.000,0.422,-0.193,0.459,-0.183,-0.684,-0.400,0.170,-0.358,0.349,-0.609,0.182,0.386,-0.093,0.040,0.602,-0.314,-0.005,-0.300,-0.163,-0.057,0.226,0.276,-0.104,0.199,0.179,0.069,0.364,0.390,0.170,-0.071,0.008,0.183,-0.215,0.429,-0.383,0.102,0.051,0.080,0.077,0.577,0.328,-0.162,0.284,-0.179,-0.249,-0.403,0.176,0.504,0.647,-0.138,-0.083,-0.226,[529],38,36,25,1,,14
,[563],0.091,-0.677,-0.487,0.232,-0.379,0.373,-0.144,0.111,-0.483,0.493,-0.226,0.306,0.786,0.339,0.245,0.188,-0.367,0.301,-0.177,0.639,-0.263,0.633,-0.654,0.002,-0.406,0.827,-0.003,0.585,-0.213,-0.110,-0.659,0.667,-0.442,0.146,0.256,0.150,-0.147,-0.489,0.115,-0.341,-0.076,-0.224,0.285,-0.768,0.682,-0.519,0.419,0.422,1.000,-0.485,0.479,-0.260,-0.475,-0.657,0.521,-0.879,0.734,-0.331,0.125,0.724,-0.182,0.151,0.578,-0.009,-0.080,-0.012,0.219,-0.344,0.269,0.301,0.151,0.631,-0.020,-0.110,0.673,0.237,0.155,-0.258,0.185,0.110,-0.611,0.986,-0.172,0.031,0.209,-0.087,0.355,0.582,0.312,-0.660,-0.310,-0.289,-0.388,-0.403,0.129,0.597,0.496,-0.242,-0.156,-0.293,[563],30,31,31,8,,10
,[590],0.303,0.462,0.179,-0.084,-0.009,-0.118,0.267,-0.234,0.035,-0.523,0.112,-0.327,-0.142,-0.413,0.218,0.083,0.258,-0.088,0.341,-0.619,0.286,-0.214,0.253,-0.107,0.276,-0.369,0.132,-0.376,-0.212,-0.109,0.330,-0.311,0.351,0.128,0.172,0.372,-0.251,0.170,0.094,0.080,-0.102,0.193,-0.593,0.688,-0.499,0.113,-0.276,-0.193,-0.485,1.000,-0.645,-0.018,0.273,0.520,-0.319,0.470,-0.322,-0.003,0.100,-0.353,0.190,-0.101,-0.301,-0.322,0.113,-0.346,-0.063,0.224,-0.361,0.144,-0.142,-0.529,-0.038,0.050,-0.442,-0.104,-0.041,0.120,-0.504,0.035,0.393,-0.532,-0.373,-0.006,0.012,-0.185,-0.584,-0.112,0.237,0.345,0.011,-0.198,0.298,0.375,0.027,-0.227,-0.259,0.036,0.192,-0.003,[590],46,37,16,1,,20
,[591],-0.259,-0.476,-0.484,0.318,-0.045,0.222,-0.425,0.315,-0.268,0.578,-0.083,-0.019,0.329,0.507,-0.081,0.005,-0.218,0.249,-0.430,0.492,-0.475,0.430,-0.412,0.280,-0.270,0.490,-0.014,0.259,-0.053,0.201,-0.283,0.490,-0.524,0.085,-0.122,-0.252,-0.056,-0.365,0.144,-0.176,-0.044,-0.226,0.484,-0.548,0.439,-0.043,0.528,0.459,0.479,-0.645,1.000,-0.107,-0.421,-0.542,0.139,-0.423,0.432,-0.208,-0.059,0.414,-0.303,-0.052,0.428,0.106,-0.031,0.035,-0.104,-0.232,0.523,-0.240,0.030,0.365,0.004,-0.022,0.417,0.520,0.060,-0.056,0.327,0.067,-0.280,0.519,-0.055,-0.064,0.010,0.092,0.493,0.374,-0.234,-0.152,0.154,0.143,-0.287,-0.298,0.166,0.460,0.526,-0.034,-0.101,-0.077,[591],39,27,33,1,,27
,[595],-0.017,0.263,0.399,-0.517,0.341,-0.485,0.229,-0.330,0.053,0.015,-0.406,0.188,-0.397,-0.372,0.005,0.109,0.055,-0.427,0.094,-0.017,0.130,-0.645,0.386,0.050,0.377,-0.312,0.173,-0.284,0.163,0.028,0.262,-0.400,0.183,0.169,-0.170,-0.367,-0.046,0.665,0.088,0.425,0.034,-0.298,-0.214,0.010,-0.015,0.139,0.096,-0.183,-0.260,-0.018,-0.107,1.000,0.004,0.079,-0.117,0.050,-0.404,0.040,0.189,-0.183,-0.006,0.398,-0.406,0.448,0.085,0.027,0.108,0.139,-0.594,-0.226,0.029,0.261,0.061,0.066,0.014,-0.126,0.039,0.326,-0.056,0.052,0.141,-0.244,0.219,0.309,0.067,0.562,0.213,-0.400,-0.279,0.123,0.232,0.096,0.356,0.111,-0.642,-0.643,-0.441,0.141,-0.196,0.306,[595],54,30,15,1,,32
,[612],0.403,0.748,0.582,-0.500,0.057,0.039,0.671,-0.521,0.788,-0.071,0.513,0.049,-0.442,-0.233,-0.184,0.098,0.594,-0.183,0.707,-0.428,0.600,-0.291,0.285,-0.218,0.381,-0.364,-0.285,0.047,0.099,-0.422,0.560,-0.811,0.837,-0.396,0.272,0.327,0.417,0.266,-0.411,-0.052,0.550,0.646,-0.441,0.375,-0.420,-0.216,-0.368,-0.684,-0.475,0.273,-0.421,0.004,1.000,0.623,-0.437,0.467,-0.347,0.768,-0.144,-0.526,0.110,-0.226,-0.771,0.155,0.084,0.042,0.270,0.074,-0.043,-0.363,0.029,-0.465,-0.161,-0.111,-0.447,-0.288,-0.147,-0.035,-0.068,-0.247,0.194,-0.495,0.206,-0.443,-0.090,-0.320,-0.142,-0.436,-0.445,0.413,-0.406,0.123,0.186,0.615,-0.079,-0.443,-0.485,0.087,0.196,0.130,[612],33,23,36,8,,19
,[622],0.406,0.875,0.452,-0.167,0.051,-0.127,0.495,-0.361,0.420,-0.227,0.321,-0.043,-0.470,-0.549,0.082,-0.142,0.397,-0.236,0.574,-0.610,0.518,-0.407,0.399,-0.293,0.282,-0.594,0.026,-0.306,0.005,-0.210,0.666,-0.614,0.717,-0.136,0.175,0.343,0.078,0.275,-0.176,0.024,0.176,0.475,-0.673,0.578,-0.666,0.122,-0.626,-0.400,-0.657,0.520,-0.542,0.079,0.623,1.000,-0.658,0.691,-0.521,0.314,0.026,-0.690,0.136,-0.257,-0.567,-0.107,0.282,-0.258,0.088,0.321,-0.260,-0.381,-0.444,-0.722,-0.039,0.103,-0.608,0.063,-0.107,0.186,-0.417,-0.048,0.490,-0.688,-0.076,-0.027,-0.015,-0.225,-0.482,-0.289,-0.423,0.635,0.050,-0.032,0.400,0.624,-0.131,-0.391,-0.397,0.053,0.255,0.173,[622],34,25,37,4,,19
,[623],-0.061,-0.622,-0.432,0.092,-0.153,0.064,-0.263,0.073,-0.303,0.145,-0.329,0.104,0.432,0.318,0.095,-0.087,-0.469,0.348,-0.332,0.509,-0.420,0.520,-0.493,-0.179,-0.292,0.397,0.087,0.245,-0.360,0.132,-0.633,0.445,-0.457,0.198,0.156,0.013,-0.096,-0.328,0.171,-0.248,0.022,-0.369,0.374,-0.420,0.573,-0.182,0.389,0.170,0.521,-0.319,0.139,-0.117,-0.437,-0.658,1.000,-0.573,0.522,-0.298,-0.257,0.439,-0.215,0.231,0.508,-0.080,0.083,0.282,0.047,-0.300,0.244,0.392,0.424,0.491,0.068,-0.146,0.556,-0.232,0.097,-0.191,0.564,-0.018,-0.467,0.538,0.068,-0.064,-0.028,0.188,0.202,0.407,0.462,-0.495,-0.253,0.014,-0.216,-0.389,0.189,0.414,0.442,0.021,-0.301,-0.123,[623],38,30,31,1,,21
,[627],-0.087,0.643,0.322,-0.104,0.264,-0.312,0.122,-0.066,0.464,-0.451,0.350,-0.268,-0.637,-0.353,-0.174,-0.142,0.378,-0.181,0.170,-0.710,0.230,-0.441,0.519,0.047,0.351,-0.699,0.036,-0.567,0.165,0.068,0.557,-0.581,0.401,-0.110,-0.273,-0.060,0.090,0.337,-0.103,0.148,0.184,0.267,-0.292,0.796,-0.785,0.487,-0.437,-0.358,-0.879,0.470,-0.423,0.050,0.467,0.691,-0.573,1.000,-0.588,0.311,-0.164,-0.714,0.180,-0.191,-0.498,-0.107,0.146,-0.042,-0.208,0.304,-0.041,-0.332,-0.187,-0.731,-0.109,0.070,-0.759,-0.105,-0.298,0.175,-0.186,-0.204,0.636,-0.874,0.001,-0.065,-0.271,-0.072,-0.406,-0.407,-0.303,0.692,0.291,0.132,0.226,0.409,0.128,-0.400,-0.350,0.225,0.196,0.291,[627],38,27,26,9,,14
,[628],0.080,-0.583,-0.553,0.371,-0.502,0.416,-0.104,-0.040,-0.433,0.469,0.073,0.214,0.847,0.320,0.250,0.067,-0.284,0.332,-0.095,0.495,-0.230,0.831,-0.878,-0.050,-0.434,0.886,-0.048,0.517,-0.313,-0.144,-0.652,0.615,-0.369,0.088,0.290,0.257,-0.132,-0.567,0.062,-0.446,0.047,0.023,0.259,-0.562,0.490,-0.522,0.338,0.349,0.734,-0.322,0.432,-0.404,-0.347,-0.521,0.522,-0.588,1.000,-0.254,0.018,0.542,-0.092,0.005,0.560,-0.157,-0.000,-0.016,0.222,-0.322,0.516,0.270,0.118,0.435,-0.047,-0.123,0.533,0.155,0.059,-0.268,0.147,-0.054,-0.496,0.739,-0.253,-0.196,0.023,-0.214,0.246,0.612,0.327,-0.596,-0.258,-0.432,-0.486,-0.392,0.588,0.719,0.623,-0.236,-0.162,-0.223,[628],30,29,33,8,,20
,[654],0.051,0.508,0.405,-0.377,0.250,0.039,0.359,-0.336,0.789,-0.015,0.514,0.128,-0.385,-0.168,-0.246,0.015,0.459,-0.085,0.346,-0.222,0.414,-0.268,0.222,0.006,0.482,-0.263,-0.156,0.291,0.359,-0.342,0.335,-0.637,0.517,-0.244,-0.029,0.027,0.527,0.278,-0.260,-0.051,0.582,0.563,-0.178,0.206,-0.161,-0.154,-0.277,-0.609,-0.331,-0.003,-0.208,0.040,0.768,0.314,-0.298,0.311,-0.254,1.000,-0.221,-0.288,0.060,-0.162,-0.602,0.032,0.115,0.154,0.203,-0.056,0.023,-0.244,-0.007,-0.289,-0.217,-0.285,-0.252,-0.323,-0.217,-0.188,0.016,-0.336,0.072,-0.329,0.344,-0.332,-0.176,-0.206,-0.123,-0.422,-0.376,0.291,-0.292,0.116,-0.019,0.435,-0.013,-0.346,-0.337,0.090,0.189,0.213,[654],35,47,15,3,,21
